00 FF FF 00 10 0D 22 93 00 00 02 00 00 10 10 BA 0C 00 00 1D 39 
00 FF FF 00 10 0D 22 93 00 00 02 00 00 10 10 BB 0C 00 00 18 8B 
00 FF FF 00 10 0D 22 93 00 00 02 00 00 10 10 BC 0C 00 00 21 24 
00 FF FF 00 10 0D 22 93 00 00 02 00 00 10 10 BD 0C 00 00 30 7A 
00 FF FF 00 10 0D 22 93 00 00 02 00 00 10 10 BE 0C 00 00 12 4E 
00 FF FF 00 10 0D 22 93 00 00 02 00 00 10 10 BF 0C 00 00 1B B1 
00 FF FF 00 10 0D 22 93 00 00 02 00 00 10 10 C0 0C 00 00 1C 29 
00 FF FF 00 10 0D 22 93 00 00 02 00 00 10 10 C1 0C 00 00 19 03 
00 FF FF 00 10 0D 22 93 00 00 02 00 00 10 10 C2 0C 00 00 19 6E 
00 FF FF 00 10 0D 22 93 00 00 02 00 00 10 10 C4 0C 00 00 0F 14 
00 FF FF 00 10 0D 22 93 00 00 02 00 00 10 10 C5 0C 00 00 17 1A 
00 FF FF 00 10 0D 22 93 00 00 02 00 00 10 10 C6 0C 00 00 1A 9E 
00 FF FF 00 10 0D 22 93 00 00 02 00 00 10 10 C7 0C 00 00 0E 23 
00 FF FF 00 10 0D 22 93 00 00 02 00 00 10 10 C8 0C 00 00 19 1E 
00 FF FF 00 10 0D 22 93 00 00 02 00 00 10 10 C9 0C 00 00 16 96 
00 FF FF 00 10 0D 22 93 00 00 02 00 00 10 10 CA 0C 00 00 15 59 
00 FF FF 00 10 0D 22 93 00 00 02 00 00 10 10 CB 0C 00 00 16 5A 
00 FF FF 00 10 0D 22 93 00 00 02 00 00 10 10 CC 0C 00 00 1F 16 
00 FF FF 00 10 0D 22 93 00 00 02 00 00 10 10 CD 0C 00 00 13 A3 
00 FF FF 00 10 0D 22 93 00 00 02 00 00 10 10 CE 0C 00 00 13 6A 
00 FF FF 00 10 0D 22 93 00 00 02 00 00 10 10 CF 0C 00 00 14 A5 
00 FF FF 00 10 0D 22 93 00 00 02 00 00 10 10 D0 0C 00 00 17 3A 
00 FF FF 00 10 0D 22 93 00 00 02 00 00 10 10 D1 0C 00 00 16 98 
00 FF FF 00 10 0D 22 93 00 00 02 00 00 10 10 D2 0C 00 00 16 EB 
00 FF FF 00 10 0D 22 93 00 00 02 00 00 10 10 D3 0C 00 00 0D 5F 
00 FF FF 00 10 0D 22 93 00 00 02 00 00 10 10 D4 0C 00 00 09 B5 
00 FF FF 00 10 0D 22 93 00 00 02 00 00 10 10 D5 0C 00 00 12 BE 
00 FF FF 00 10 0D 22 93 00 00 02 00 00 10 10 D6 0C 00 00 20 8F 
00 FF FF 00 10 0D 22 93 00 00 02 00 00 10 10 D7 0C 00 00 19 A6 
00 FF FF 00 10 0D 22 93 00 00 02 00 00 10 10 D8 0C 00 00 0E 89 
00 FF FF 00 10 0D 22 93 00 00 02 00 00 10 10 DA 0C 00 00 0F 07 
00 FF FF 00 10 0D 22 93 00 00 02 00 00 10 10 DB 0C 00 00 0F 4E 
00 FF FF 00 10 0D 22 93 00 00 02 00 00 10 10 DC 0C 00 00 12 90 
00 FF FF 00 10 0D 22 93 00 00 02 00 00 10 10 DD 0C 00 00 0F 5E 
00 FF FF 00 10 0D 22 93 00 00 02 00 00 10 10 DE 0C 00 00 23 B6 
00 FF FF 00 10 0D 22 93 00 00 02 00 00 10 10 DF 0C 00 00 19 29 
00 FF FF 00 10 0D 22 93 00 00 02 00 00 10 10 E0 0C 00 00 13 14 
00 FF FF 00 10 0D 22 93 00 00 02 00 00 10 10 E1 0C 00 00 12 A7 
00 FF FF 00 10 0D 22 93 00 00 02 00 00 10 10 E2 0C 00 00 1E 08 
00 FF FF 00 10 0D 22 93 00 00 02 00 00 10 10 E3 0C 00 00 11 BD 
00 FF FF 00 10 0D 22 93 00 00 02 00 00 10 10 E4 0C 00 00 06 47 
00 FF FF 00 10 0D 22 93 00 00 02 00 00 10 10 E5 0C 00 00 16 99 
00 FF FF 00 10 0D 22 93 00 00 02 00 00 10 10 E6 0C 00 00 11 5B 
00 FF FF 00 10 0D 22 93 00 00 02 00 00 10 10 E7 0C 00 00 21 7A 
00 FF FF 00 10 0D 22 93 00 00 02 00 00 10 10 E8 0C 00 00 20 33 
00 FF FF 00 10 0D 22 93 00 00 02 00 00 10 10 E9 0C 00 00 12 38 
00 FF FF 00 10 0D 22 93 00 00 02 00 00 10 10 EA 0C 00 00 1F C2 
00 FF FF 00 10 0D 22 93 00 00 02 00 00 10 10 EC 0C 00 00 0E 91 
00 FF FF 00 10 0D 22 93 00 00 02 00 00 10 10 ED 0C 00 00 11 6B 
00 FF FF 00 10 0D 22 93 00 00 02 00 00 10 10 EE 0C 00 00 13 8D 
00 FF FF 00 10 0D 22 93 00 00 02 00 00 10 10 EF 0C 00 00 15 F8 
00 FF FF 00 10 0D 22 93 00 00 02 00 00 10 10 F0 0C 00 00 2D 86 
00 FF FF 00 10 0D 22 93 00 00 02 00 00 10 10 F1 0C 00 00 39 3E 
00 FF FF 00 10 0D 22 93 00 00 02 00 00 10 10 F2 0C 00 00 17 E1 
00 FF FF 00 10 0D 22 93 00 00 02 00 00 10 10 F3 0C 00 00 1A 8A 
00 FF FF 00 10 0D 22 93 00 00 02 00 00 10 10 F4 0C 00 00 16 8A 
00 FF FF 00 10 0D 22 93 00 00 02 00 00 10 10 F5 0C 00 00 10 45 
00 FF FF 00 10 0D 22 93 00 00 02 00 00 10 10 F6 0C 00 00 0D 4E 
00 FF FF 00 10 0D 22 93 00 00 02 00 00 10 10 F7 0C 00 00 1C 1D 
00 FF FF 00 10 0D 22 93 00 00 02 00 00 10 10 F8 0C 00 00 1A CE 
00 FF FF 00 10 0D 22 93 00 00 02 00 00 10 10 F9 0C 00 00 3D 0D 
00 FF FF 00 10 0D 22 93 00 00 02 00 00 10 10 FA 0C 00 00 3A 29 
00 FF FF 00 10 0D 22 93 00 00 02 00 00 10 10 FB 0C 00 00 28 F8 
00 FF FF 00 10 0D 22 93 00 00 02 00 00 10 10 FE 0C 00 00 0D 13 
00 FF FF 00 10 0D 22 93 00 00 02 00 00 10 10 FF 0C 00 00 0F 5C 
00 FF FF 00 10 0D 22 93 00 00 02 00 00 10 11 00 0C 00 00 29 85 
00 FF FF 00 10 0D 22 93 00 00 02 00 00 10 11 01 0C 00 00 1F 52 
00 FF FF 00 10 0D 22 93 00 00 02 00 00 10 11 02 0C 00 00 14 5A 
00 FF FF 00 10 0D 22 93 00 00 02 00 00 10 11 03 0C 00 00 32 F8 
00 FF FF 00 10 0D 22 93 00 00 02 00 00 10 11 04 0C 00 00 18 A1 
00 FF FF 00 10 0D 22 93 00 00 02 00 00 10 11 05 0C 00 00 17 3D 
00 FF FF 00 10 0D 22 93 00 00 02 00 00 10 11 06 0C 00 00 09 D9 
00 FF FF 00 10 0D 22 93 00 00 02 00 00 10 11 09 0C 00 00 05 0C 
00 FF FF 00 10 0D 22 93 00 00 02 00 00 10 11 0A 0C 00 00 35 A2 
00 FF FF 00 10 0D 22 93 00 00 02 00 00 10 11 0B 0C 00 00 22 8E 
00 FF FF 00 10 0D 22 93 00 00 02 00 00 10 11 0C 0C 00 00 10 47 
00 FF FF 00 10 0D 22 93 00 00 02 00 00 10 11 0D 0C 00 00 13 85 
00 FF FF 00 10 0D 22 93 00 00 02 00 00 10 11 0E 0C 00 00 0D 8A 
00 FF FF 00 10 0D 22 93 00 00 02 00 00 10 11 0F 0C 00 00 0B F3 
00 FF FF 00 10 0D 22 93 00 00 02 00 00 10 11 10 0C 00 00 0F D4 
00 FF FF 00 10 0D 22 93 00 00 02 00 00 10 11 11 0C 00 00 21 5D 
00 FF FF 00 10 0D 22 93 00 00 02 00 00 10 11 12 0C 00 00 11 66 
00 FF FF 00 10 0D 22 93 00 00 02 00 00 10 11 13 0C 00 00 3A 3D 
00 FF FF 00 10 0D 22 93 00 00 02 00 00 10 11 14 0C 00 00 2A A2 
00 FF FF 00 10 0D 22 93 00 00 02 00 00 10 11 15 0C 00 00 2C B1 
00 FF FF 00 10 0D 22 93 00 00 02 00 00 10 11 17 0C 00 00 12 8A 
00 FF FF 00 10 0D 22 93 00 00 02 00 00 10 11 18 0C 00 00 14 A6 
00 FF FF 00 10 0D 22 93 00 00 02 00 00 10 11 19 0C 00 00 0D 97 
00 FF FF 00 10 0D 22 93 00 00 02 00 00 10 11 1A 0C 00 00 0F 45 
00 FF FF 00 10 0D 22 93 00 00 02 00 00 10 11 1B 0C 00 00 18 89 
00 FF FF 00 10 0D 22 93 00 00 02 00 00 10 11 1C 0C 00 00 13 8D 
00 FF FF 00 10 0D 22 93 00 00 02 00 00 10 11 1D 0C 00 00 30 59 
00 FF FF 00 10 0D 22 93 00 00 02 00 00 10 11 1E 0C 00 00 26 17 
00 FF FF 00 10 0D 22 93 00 00 02 00 00 10 11 1F 0C 00 00 0A 53 
00 FF FF 00 10 0D 22 93 00 00 02 00 00 10 11 20 0C 00 00 11 B3 
00 FF FF 00 10 0D 22 93 00 00 02 00 00 10 11 21 0C 00 00 0B C3 
00 FF FF 00 10 0D 22 93 00 00 02 00 00 10 11 22 0C 00 00 16 12 
00 FF FF 00 10 0D 22 93 00 00 02 00 00 10 11 23 0C 00 00 2F 36 
00 FF FF 00 10 0D 22 93 00 00 02 00 00 10 11 25 0C 00 00 1C 4A 
00 FF FF 00 10 0D 22 93 00 00 02 00 00 10 11 27 0C 00 00 13 D4 
00 FF FF 00 10 0D 22 93 00 00 02 00 00 10 11 28 0C 00 00 16 A1 
00 FF FF 00 10 0D 22 93 00 00 02 00 00 10 11 29 0C 00 00 12 2B 
00 FF FF 00 10 0D 22 93 00 00 02 00 00 10 11 2A 0C 00 00 17 DF 
00 FF FF 00 10 0D 22 93 00 00 02 00 00 10 11 2B 0C 00 00 0F 79 
00 FF FF 00 10 0D 22 93 00 00 02 00 00 10 11 2C 0C 00 00 24 97 
00 FF FF 00 10 0D 22 93 00 00 02 00 00 10 11 2D 0C 00 00 2E F9 
00 FF FF 00 10 0D 22 93 00 00 02 00 00 10 11 2E 0C 00 00 2F F6 
00 FF FF 00 10 0D 22 93 00 00 02 00 00 10 11 2F 0C 00 00 23 C4 
00 FF FF 00 10 0D 22 93 00 00 02 00 00 10 11 30 0C 00 00 1E 3F 
00 FF FF 00 10 0D 22 93 00 00 02 00 00 10 11 31 0C 00 00 0E 87 
00 FF FF 00 10 0D 22 93 00 00 02 00 00 10 11 32 0C 00 00 18 13 
00 FF FF 00 10 0D 22 93 00 00 02 00 00 10 11 33 0C 00 00 10 E7 
00 FF FF 00 10 0D 22 93 00 00 02 00 00 10 11 34 0C 00 00 1D F3 
00 FF FF 00 10 0D 22 93 00 00 02 00 00 10 11 35 0C 00 00 07 FB 
00 FF FF 00 10 0D 22 93 00 00 02 00 00 10 11 36 0C 00 00 1D 72 
00 FF FF 00 10 0D 22 93 00 00 02 00 00 10 11 37 0C 00 00 30 7A 
00 FF FF 00 10 0D 22 93 00 00 02 00 00 10 11 38 0C 00 00 1B 8A 
00 FF FF 00 10 0D 22 93 00 00 02 00 00 10 11 39 0C 00 00 09 C1 
00 FF FF 00 10 0D 22 93 00 00 02 00 00 10 11 3A 0C 00 00 17 08 
00 FF FF 00 10 0D 22 93 00 00 02 00 00 10 11 3B 0C 00 00 1A 0F 
00 FF FF 00 10 0D 22 93 00 00 02 00 00 10 11 3D 0C 00 00 31 21 
00 FF FF 00 10 0D 22 93 00 00 02 00 00 10 11 3E 0C 00 00 38 71 
00 FF FF 00 10 0D 22 93 00 00 02 00 00 10 11 3F 0C 00 00 26 E9 
00 FF FF 00 10 0D 22 93 00 00 02 00 00 10 11 41 0C 00 00 0C C3 
00 FF FF 00 10 0D 22 93 00 00 02 00 00 10 11 43 0C 00 00 0D 5B 
00 FF FF 00 10 0D 22 93 00 00 02 00 00 10 11 44 0C 00 00 20 31 
00 FF FF 00 10 0D 22 93 00 00 02 00 00 10 11 45 0C 00 00 11 7B 
00 FF FF 00 10 0D 22 93 00 00 02 00 00 10 11 47 0C 00 00 31 94 
00 FF FF 00 10 0D 22 93 00 00 02 00 00 10 11 48 0C 00 00 2D A3 
00 FF FF 00 10 0D 22 93 00 00 02 00 00 10 11 49 0C 00 00 29 42 
00 FF FF 00 10 0D 22 93 00 00 02 00 00 10 11 4A 0C 00 00 0E 9F 
00 FF FF 00 10 0D 22 93 00 00 02 00 00 10 11 4B 0C 00 00 17 C1 
00 FF FF 00 10 0D 22 93 00 00 02 00 00 10 11 4C 0C 00 00 0E CF 
00 FF FF 00 10 0D 22 93 00 00 02 00 00 10 11 4D 0C 00 00 0C 0B 
00 FF FF 00 10 0D 22 93 00 00 02 00 00 10 11 4E 0C 00 00 27 E3 
00 FF FF 00 10 0D 22 93 00 00 02 00 00 10 11 4F 0C 00 00 18 62 
00 FF FF 00 10 0D 22 93 00 00 02 00 00 10 11 50 0C 00 00 1C 77 
00 FF FF 00 10 0D 22 93 00 00 02 00 00 10 11 51 0C 00 00 2A CE 
00 FF FF 00 10 0D 22 93 00 00 02 00 00 10 11 52 0C 00 00 20 C2 
00 FF FF 00 10 0D 22 93 00 00 02 00 00 10 11 53 0C 00 00 0F 8E 
00 FF FF 00 10 0D 22 93 00 00 02 00 00 10 11 54 0C 00 00 14 BF 
00 FF FF 00 10 0D 22 93 00 00 02 00 00 10 11 55 0C 00 00 10 BE 
00 FF FF 00 10 0D 22 93 00 00 02 00 00 10 11 56 0C 00 00 11 18 
00 FF FF 00 10 0D 22 93 00 00 02 00 00 10 11 57 0C 00 00 37 91 
00 FF FF 00 10 0D 22 93 00 00 02 00 00 10 11 58 0C 00 00 37 91 
00 FF FF 00 10 0D 22 93 00 00 02 00 00 10 11 59 0C 00 00 3B 1E 
00 FF FF 00 10 0D 22 93 00 00 02 00 00 10 11 5B 0C 00 00 19 CE 
00 FF FF 00 10 0D 22 93 00 00 02 00 00 10 11 5C 0C 00 00 14 7B 
00 FF FF 00 10 0D 22 93 00 00 02 00 00 10 11 5D 0C 00 00 0D 0F 
00 FF FF 00 10 0D 22 93 00 00 02 00 00 10 11 5E 0C 00 00 09 7E 
00 FF FF 00 10 0D 22 93 00 00 02 00 00 10 11 5F 0C 00 00 17 C8 
00 FF FF 00 10 0D 22 93 00 00 02 00 00 10 11 60 0C 00 00 1D 96 
00 FF FF 00 10 0D 22 93 00 00 02 00 00 10 11 61 0C 00 00 0B 06 
00 FF FF 00 10 0D 22 93 00 00 02 00 00 10 11 62 0C 00 00 2F E4 
00 FF FF 00 10 0D 22 93 00 00 02 00 00 10 11 63 0C 00 00 2A 27 
00 FF FF 00 10 0D 22 93 00 00 02 00 00 10 11 64 0C 00 00 13 D7 
00 FF FF 00 10 0D 22 93 00 00 02 00 00 10 11 65 0C 00 00 07 EC 
00 FF FF 00 10 0D 22 93 00 00 02 00 00 10 11 67 0C 00 00 12 2D 
00 FF FF 00 10 0D 22 93 00 00 02 00 00 10 11 68 0C 00 00 1E 6E 
00 FF FF 00 10 0D 22 93 00 00 02 00 00 10 11 69 0C 00 00 0C CF 
00 FF FF 00 10 0D 22 93 00 00 02 00 00 10 11 6C 0C 00 00 20 3B 
00 FF FF 00 10 0D 22 93 00 00 02 00 00 10 11 6D 0C 00 00 16 4E 
00 FF FF 00 10 0D 22 93 00 00 02 00 00 10 11 6E 0C 00 00 17 07 
00 FF FF 00 10 0D 22 93 00 00 02 00 00 10 11 6F 0C 00 00 0E 35 
00 FF FF 00 10 0D 22 93 00 00 02 00 00 10 11 70 0C 00 00 1F 51 
00 FF FF 00 10 0D 22 93 00 00 02 00 00 10 11 71 0C 00 00 1B F8 
00 FF FF 00 10 0D 22 93 00 00 02 00 00 10 11 72 0C 00 00 3D 0D 
00 FF FF 00 10 0D 22 93 00 00 02 00 00 10 11 73 0C 00 00 2F 22 
00 FF FF 00 10 0D 22 93 00 00 02 00 00 10 11 74 0C 00 00 19 15 
00 FF FF 00 10 0D 22 93 00 00 02 00 00 10 11 76 0C 00 00 0E 02 
00 FF FF 00 10 0D 22 93 00 00 02 00 00 10 11 77 0C 00 00 0C EF 
00 FF FF 00 10 0D 22 93 00 00 02 00 00 10 11 78 0C 00 00 1B 86 
00 FF FF 00 10 0D 22 93 00 00 02 00 00 10 11 79 0C 00 00 0C 35 
00 FF FF 00 10 0D 22 93 00 00 02 00 00 10 11 7A 0C 00 00 1A 0C 
00 FF FF 00 10 0D 22 93 00 00 02 00 00 10 11 7B 0C 00 00 17 82 
00 FF FF 00 10 0D 22 93 00 00 02 00 00 10 11 7C 0C 00 00 11 DD 
00 FF FF 00 10 0D 22 93 00 00 02 00 00 10 11 7F 0C 00 00 1D 4B 
00 FF FF 00 10 0D 22 93 00 00 02 00 00 10 11 80 0C 00 00 12 FC 
00 FF FF 00 10 0D 22 93 00 00 02 00 00 10 11 81 0C 00 00 0A 8B 
00 FF FF 00 10 0D 22 93 00 00 02 00 00 10 11 82 0C 00 00 18 33 
00 FF FF 00 10 0D 22 93 00 00 02 00 00 10 11 83 0C 00 00 11 39 
00 FF FF 00 10 0D 22 93 00 00 02 00 00 10 11 84 0C 00 00 19 D2 
00 FF FF 00 10 0D 22 93 00 00 02 00 00 10 11 85 0C 00 00 2A EA 
00 FF FF 00 10 0D 22 93 00 00 02 00 00 10 11 86 0C 00 00 30 B2 
00 FF FF 00 10 0D 22 93 00 00 02 00 00 10 11 87 0C 00 00 18 1F 
00 FF FF 00 10 0D 22 93 00 00 02 00 00 10 11 88 0C 00 00 0B 20 
00 FF FF 00 10 0D 22 93 00 00 02 00 00 10 11 89 0C 00 00 12 9B 
00 FF FF 00 10 0D 22 93 00 00 02 00 00 10 11 8A 0C 00 00 10 02 
00 FF FF 00 10 0D 22 93 00 00 02 00 00 10 11 8C 0C 00 00 32 CF 
00 FF FF 00 10 0D 22 93 00 00 02 00 00 10 11 8E 0C 00 00 18 54 
00 FF FF 00 10 0D 22 93 00 00 02 00 00 10 11 8F 0C 00 00 18 03 
00 FF FF 00 10 0D 22 93 00 00 02 00 00 10 11 90 0C 00 00 10 86 
00 FF FF 00 10 0D 22 93 00 00 02 00 00 10 11 91 0C 00 00 0E A5 
00 FF FF 00 10 0D 22 93 00 00 02 00 00 10 11 92 0C 00 00 0D F7 
00 FF FF 00 10 0D 22 93 00 00 02 00 00 10 11 93 0C 00 00 0D 8D 
00 FF FF 00 10 0D 22 93 00 00 02 00 00 10 11 94 0C 00 00 19 57 
00 FF FF 00 10 0D 22 93 00 00 02 00 00 10 11 95 0C 00 00 36 81 
00 FF FF 00 10 0D 22 93 00 00 02 00 00 10 11 96 0C 00 00 13 F8 
00 FF FF 00 10 0D 22 93 00 00 02 00 00 10 11 97 0C 00 00 14 7A 
00 FF FF 00 10 0D 22 93 00 00 02 00 00 10 11 98 0C 00 00 08 31 
00 FF FF 00 10 0D 22 93 00 00 02 00 00 10 11 99 0C 00 00 0C 16 
00 FF FF 00 10 0D 22 93 00 00 02 00 00 10 11 9A 0C 00 00 1A DA 
00 FF FF 00 10 0D 22 93 00 00 02 00 00 10 11 9B 0C 00 00 0A FB 
00 FF FF 00 10 0D 22 93 00 00 02 00 00 10 11 9C 0C 00 00 11 18 
00 FF FF 00 10 0D 22 93 00 00 02 00 00 10 11 9D 0C 00 00 14 6A 
00 FF FF 00 10 0D 22 93 00 00 02 00 00 10 11 9E 0C 00 00 26 01 
00 FF FF 00 10 0D 22 93 00 00 02 00 00 10 11 9F 0C 00 00 08 7E 
00 FF FF 00 10 0D 22 93 00 00 02 00 00 10 11 A0 0C 00 00 19 9E 
00 FF FF 00 10 0D 22 93 00 00 02 00 00 10 11 A1 0C 00 00 01 5A 
00 FF FF 00 10 0D 22 93 00 00 02 00 00 10 11 A2 0C 00 00 09 9E 
00 FF FF 00 10 0D 22 93 00 00 02 00 00 10 11 A3 0C 00 00 0B 85 
00 FF FF 00 10 0D 22 93 00 00 02 00 00 10 11 A4 0C 00 00 15 E4 
00 FF FF 00 10 0D 22 93 00 00 02 00 00 10 11 A5 0C 00 00 1C 8C 
00 FF FF 00 10 0D 22 93 00 00 02 00 00 10 11 A6 0C 00 00 1B 97 
00 FF FF 00 10 0D 22 93 00 00 02 00 00 10 11 A7 0C 00 00 23 B6 
00 FF FF 00 10 0D 22 93 00 00 02 00 00 10 11 A8 0C 00 00 1C 57 
00 FF FF 00 10 0D 22 93 00 00 02 00 00 10 11 A9 0C 00 00 0B 1E 
00 FF FF 00 10 0D 22 93 00 00 02 00 00 10 11 AA 0C 00 00 09 7A 
00 FF FF 00 10 0D 22 93 00 00 02 00 00 10 11 AB 0C 00 00 0F D8 
00 FF FF 00 10 0D 22 93 00 00 02 00 00 10 11 AC 0C 00 00 16 B1 
00 FF FF 00 10 0D 22 93 00 00 02 00 00 10 11 AD 0C 00 00 1E B2 
00 FF FF 00 10 0D 22 93 00 00 02 00 00 10 11 AE 0C 00 00 12 E9 
00 FF FF 00 10 0D 22 93 00 00 02 00 00 10 11 B0 0C 00 00 13 76 
00 FF FF 00 10 0D 22 93 00 00 02 00 00 10 11 B1 0C 00 00 1D 9D 
00 FF FF 00 10 0D 22 93 00 00 02 00 00 10 11 B2 0C 00 00 0F 05 
00 FF FF 00 10 0D 22 93 00 00 02 00 00 10 11 B3 0C 00 00 0E 90 
00 FF FF 00 10 0D 22 93 00 00 02 00 00 10 11 B4 0C 00 00 13 EF 
00 FF FF 00 10 0D 22 93 00 00 02 00 00 10 11 B6 0C 00 00 26 A8 
00 FF FF 00 10 0D 22 93 00 00 02 00 00 10 11 B7 0C 00 00 2F 98 
00 FF FF 00 10 0D 22 93 00 00 02 00 00 10 11 B8 0C 00 00 24 DA 
00 FF FF 00 10 0D 22 93 00 00 02 00 00 10 11 B9 0C 00 00 1A 7A 
00 FF FF 00 10 0D 22 93 00 00 02 00 00 10 11 BA 0C 00 00 17 02 
00 FF FF 00 10 0D 22 93 00 00 02 00 00 10 11 BB 0C 00 00 0C 9A 
00 FF FF 00 10 0D 22 93 00 00 02 00 00 10 11 BC 0C 00 00 13 2B 
00 FF FF 00 10 0D 22 93 00 00 02 00 00 10 11 BD 0C 00 00 13 F7 
00 FF FF 00 10 0D 22 93 00 00 02 00 00 10 11 BE 0C 00 00 25 F5 
00 FF FF 00 10 0D 22 93 00 00 02 00 00 10 11 BF 0C 00 00 0C 01 
00 FF FF 00 10 0D 22 93 00 00 02 00 00 10 11 C0 0C 00 00 2E 39 
00 FF FF 00 10 0D 22 93 00 00 02 00 00 10 11 C2 0C 00 00 10 58 
00 FF FF 00 10 0D 22 93 00 00 02 00 00 10 11 C4 0C 00 00 17 EE 
00 FF FF 00 10 0D 22 93 00 00 02 00 00 10 11 C5 0C 00 00 12 BD 
00 FF FF 00 10 0D 22 93 00 00 02 00 00 10 11 C6 0C 00 00 12 D7 
00 FF FF 00 10 0D 22 93 00 00 02 00 00 10 11 C7 0C 00 00 17 1D 
00 FF FF 00 10 0D 22 93 00 00 02 00 00 10 11 C8 0C 00 00 1D 1F 
00 FF FF 00 10 0D 22 93 00 00 02 00 00 10 11 C9 0C 00 00 14 B2 
00 FF FF 00 10 0D 22 93 00 00 02 00 00 10 11 CA 0C 00 00 1A FF 
00 FF FF 00 10 0D 22 93 00 00 02 00 00 10 11 CB 0C 00 00 18 09 
00 FF FF 00 10 0D 22 93 00 00 02 00 00 10 11 CC 0C 00 00 0D 5C 
00 FF FF 00 10 0D 22 93 00 00 02 00 00 10 11 CD 0C 00 00 0C 0E 
00 FF FF 00 10 0D 22 93 00 00 02 00 00 10 11 CE 0C 00 00 15 3E 
00 FF FF 00 10 0D 22 93 00 00 02 00 00 10 11 CF 0C 00 00 0C 9C 
00 FF FF 00 10 0D 22 93 00 00 02 00 00 10 11 D1 0C 00 00 2F AD 
00 FF FF 00 10 0D 22 93 00 00 02 00 00 10 11 D2 0C 00 00 13 5B 
00 FF FF 00 10 0D 22 93 00 00 02 00 00 10 11 D3 0C 00 00 12 DF 
00 FF FF 00 10 0D 22 93 00 00 02 00 00 10 11 D4 0C 00 00 19 C6 
00 FF FF 00 10 0D 22 93 00 00 02 00 00 10 11 D6 0C 00 00 16 1C 
00 FF FF 00 10 0D 22 93 00 00 02 00 00 10 11 D7 0C 00 00 14 DC 
00 FF FF 00 10 0D 22 93 00 00 02 00 00 10 11 D8 0C 00 00 12 05 
00 FF FF 00 10 0D 22 93 00 00 02 00 00 10 11 D9 0C 00 00 20 AE 
00 FF FF 00 10 0D 22 93 00 00 02 00 00 10 11 DA 0C 00 00 23 8E 
00 FF FF 00 10 0D 22 93 00 00 02 00 00 10 11 DB 0C 00 00 14 3A 
00 FF FF 00 10 0D 22 93 00 00 02 00 00 10 11 DC 0C 00 00 10 EA 
00 FF FF 00 10 0D 22 93 00 00 02 00 00 10 11 DD 0C 00 00 15 3E 
00 FF FF 00 10 0D 22 93 00 00 02 00 00 10 11 DE 0C 00 00 24 B8 
00 FF FF 00 10 0D 22 93 00 00 02 00 00 10 11 DF 0C 00 00 1D 52 
00 FF FF 00 10 0D 22 93 00 00 02 00 00 10 11 E0 0C 00 00 13 4D 
00 FF FF 00 10 0D 22 93 00 00 02 00 00 10 11 E1 0C 00 00 1C 7E 
00 FF FF 00 10 0D 22 93 00 00 02 00 00 10 11 E2 0C 00 00 13 A3 
00 FF FF 00 10 0D 22 93 00 00 02 00 00 10 11 E3 0C 00 00 21 83 
00 FF FF 00 10 0D 22 93 00 00 02 00 00 10 11 E4 0C 00 00 17 AE 
00 FF FF 00 10 0D 22 93 00 00 02 00 00 10 11 E5 0C 00 00 0F DF 
00 FF FF 00 10 0D 22 93 00 00 02 00 00 10 11 E6 0C 00 00 0E B7 
00 FF FF 00 10 0D 22 93 00 00 02 00 00 10 11 E7 0C 00 00 21 62 
00 FF FF 00 10 0D 22 93 00 00 02 00 00 10 11 E8 0C 00 00 14 92 
00 FF FF 00 10 0D 22 93 00 00 02 00 00 10 11 E9 0C 00 00 17 39 
00 FF FF 00 10 0D 22 93 00 00 02 00 00 10 11 EA 0C 00 00 1E 3B 
00 FF FF 00 10 0D 22 93 00 00 02 00 00 10 11 ED 0C 00 00 12 2B 
00 FF FF 00 10 0D 22 93 00 00 02 00 00 10 11 EE 0C 00 00 0A C7 
00 FF FF 00 10 0D 22 93 00 00 02 00 00 10 11 EF 0C 00 00 13 C5 
00 FF FF 00 10 0D 22 93 00 00 02 00 00 10 11 F0 0C 00 00 21 DE 
00 FF FF 00 10 0D 22 93 00 00 02 00 00 10 11 F1 0C 00 00 16 D7 
00 FF FF 00 10 0D 22 93 00 00 02 00 00 10 11 F2 0C 00 00 19 9E 
00 FF FF 00 10 0D 22 93 00 00 02 00 00 10 11 F4 0C 00 00 21 AB 
00 FF FF 00 10 0D 22 93 00 00 02 00 00 10 11 F5 0C 00 00 0B FC 
00 FF FF 00 10 0D 22 93 00 00 02 00 00 10 11 F6 0C 00 00 0A D3 
00 FF FF 00 10 0D 22 93 00 00 02 00 00 10 11 F7 0C 00 00 15 81 
00 FF FF 00 10 0D 22 93 00 00 02 00 00 10 11 F8 0C 00 00 1B 1A 
00 FF FF 00 10 0D 22 93 00 00 02 00 00 10 11 F9 0C 00 00 08 E9 
00 FF FF 00 10 0D 22 93 00 00 02 00 00 10 11 FA 0C 00 00 1D 36 
00 FF FF 00 10 0D 22 93 00 00 02 00 00 10 11 FB 0C 00 00 13 1D 
00 FF FF 00 10 0D 22 93 00 00 02 00 00 10 11 FC 0C 00 00 19 16 
00 FF FF 00 10 0D 22 93 00 00 02 00 00 10 11 FD 0C 00 00 16 EB 
00 FF FF 00 10 0D 22 93 00 00 02 00 00 10 11 FE 0C 00 00 0E C2 
00 FF FF 00 10 0D 22 93 00 00 02 00 00 10 11 FF 0C 00 00 1C CB 
00 FF FF 00 10 0D 22 93 00 00 02 00 00 10 12 00 0C 00 00 09 9D 
00 FF FF 00 10 0D 22 93 00 00 02 00 00 10 12 01 0C 00 00 27 11 
00 FF FF 00 10 0D 22 93 00 00 02 00 00 10 12 02 0C 00 00 10 71 
00 FF FF 00 10 0D 22 93 00 00 02 00 00 10 12 03 0C 00 00 0D 17 
00 FF FF 00 10 0D 22 93 00 00 02 00 00 10 12 04 0C 00 00 18 08 
00 FF FF 00 10 0D 22 93 00 00 02 00 00 10 12 05 0C 00 00 13 3B 
00 FF FF 00 10 0D 22 93 00 00 02 00 00 10 12 06 0C 00 00 0D A9 
00 FF FF 00 10 0D 22 93 00 00 02 00 00 10 12 07 0C 00 00 1E 76 
00 FF FF 00 10 0D 22 93 00 00 02 00 00 10 12 08 0C 00 00 21 59 
00 FF FF 00 10 0D 22 93 00 00 02 00 00 10 12 0A 0C 00 00 23 6D 
00 FF FF 00 10 0D 22 93 00 00 02 00 00 10 12 0B 0C 00 00 17 09 
00 FF FF 00 10 0D 22 93 00 00 02 00 00 10 12 0C 0C 00 00 19 D8 
00 FF FF 00 10 0D 22 93 00 00 02 00 00 10 12 0D 0C 00 00 12 D1 
00 FF FF 00 10 0D 22 93 00 00 02 00 00 10 12 0E 0C 00 00 1A 32 
00 FF FF 00 10 0D 22 93 00 00 02 00 00 10 12 10 0C 00 00 16 9F 
00 FF FF 00 10 0D 22 93 00 00 02 00 00 10 12 11 0C 00 00 11 A3 
00 FF FF 00 10 0D 22 93 00 00 02 00 00 10 12 12 0C 00 00 2A D5 
00 FF FF 00 10 0D 22 93 00 00 02 00 00 10 12 13 0C 00 00 18 E2 
00 FF FF 00 10 0D 22 93 00 00 02 00 00 10 12 14 0C 00 00 17 A6 
00 FF FF 00 10 0D 22 93 00 00 02 00 00 10 12 16 0C 00 00 08 1F 
00 FF FF 00 10 0D 22 93 00 00 02 00 00 10 12 17 0C 00 00 15 27 
00 FF FF 00 10 0D 22 93 00 00 02 00 00 10 12 18 0C 00 00 11 A2 
00 FF FF 00 10 0D 22 93 00 00 02 00 00 10 12 19 0C 00 00 23 A7 
00 FF FF 00 10 0D 22 93 00 00 02 00 00 10 12 1A 0C 00 00 14 3E 
00 FF FF 00 10 0D 22 93 00 00 02 00 00 10 12 1B 0C 00 00 29 F8 
00 FF FF 00 10 0D 22 93 00 00 02 00 00 10 12 1C 0C 00 00 10 C9 
00 FF FF 00 10 0D 22 93 00 00 02 00 00 10 12 1D 0C 00 00 13 3A 
00 FF FF 00 10 0D 22 93 00 00 02 00 00 10 12 1E 0C 00 00 16 D3 
00 FF FF 00 10 0D 22 93 00 00 02 00 00 10 12 1F 0C 00 00 0E 50 
00 FF FF 00 10 0D 22 93 00 00 02 00 00 10 12 20 0C 00 00 18 35 
00 FF FF 00 10 0D 22 93 00 00 02 00 00 10 12 23 0C 00 00 32 05 
00 FF FF 00 10 0D 22 93 00 00 02 00 00 10 12 24 0C 00 00 1B DD 
00 FF FF 00 10 0D 22 93 00 00 02 00 00 10 12 25 0C 00 00 16 77 
00 FF FF 00 10 0D 22 93 00 00 02 00 00 10 12 26 0C 00 00 11 C2 
00 FF FF 00 10 0D 22 93 00 00 02 00 00 10 12 28 0C 00 00 12 D3 
00 FF FF 00 10 0D 22 93 00 00 02 00 00 10 12 29 0C 00 00 21 2C 
00 FF FF 00 10 0D 22 93 00 00 02 00 00 10 12 2A 0C 00 00 25 E2 
00 FF FF 00 10 0D 22 93 00 00 02 00 00 10 12 2B 0C 00 00 17 49 
00 FF FF 00 10 0D 22 93 00 00 02 00 00 10 12 2C 0C 00 00 16 6C 
00 FF FF 00 10 0D 22 93 00 00 02 00 00 10 12 2D 0C 00 00 0B C5 
00 FF FF 00 10 0D 22 93 00 00 02 00 00 10 12 2E 0C 00 00 0F 93 
00 FF FF 00 10 0D 22 93 00 00 02 00 00 10 12 2F 0C 00 00 11 30 
00 FF FF 00 10 0D 22 93 00 00 02 00 00 10 12 30 0C 00 00 12 A6 
00 FF FF 00 10 0D 22 93 00 00 02 00 00 10 12 31 0C 00 00 10 69 
00 FF FF 00 10 0D 22 93 00 00 02 00 00 10 12 32 0C 00 00 1B D4 
00 FF FF 00 10 0D 22 93 00 00 02 00 00 10 12 33 0C 00 00 1B 0A 
00 FF FF 00 10 0D 22 93 00 00 02 00 00 10 12 34 0C 00 00 34 A9 
00 FF FF 00 10 0D 22 93 00 00 02 00 00 10 12 35 0C 00 00 27 E9 
00 FF FF 00 10 0D 22 93 00 00 02 00 00 10 12 36 0C 00 00 1D 2A 
00 FF FF 00 10 0D 22 93 00 00 02 00 00 10 12 37 0C 00 00 12 E8 
00 FF FF 00 10 0D 22 93 00 00 02 00 00 10 12 38 0C 00 00 0F 4E 
00 FF FF 00 10 0D 22 93 00 00 02 00 00 10 12 39 0C 00 00 12 0F 
00 FF FF 00 10 0D 22 93 00 00 02 00 00 10 12 3A 0C 00 00 11 25 
00 FF FF 00 10 0D 22 93 00 00 02 00 00 10 12 3B 0C 00 00 13 9D 
00 FF FF 00 10 0D 22 93 00 00 02 00 00 10 12 3C 0C 00 00 26 7E 
00 FF FF 00 10 0D 22 93 00 00 02 00 00 10 12 3D 0C 00 00 25 AF 
00 FF FF 00 10 0D 22 93 00 00 02 00 00 10 12 3E 0C 00 00 25 F7 
00 FF FF 00 10 0D 22 93 00 00 02 00 00 10 12 3F 0C 00 00 19 34 
00 FF FF 00 10 0D 22 93 00 00 02 00 00 10 12 41 0C 00 00 0E C3 
00 FF FF 00 10 0D 22 93 00 00 02 00 00 10 12 42 0C 00 00 0E DE 
00 FF FF 00 10 0D 22 93 00 00 02 00 00 10 12 43 0C 00 00 1E 71 
00 FF FF 00 10 0D 22 93 00 00 02 00 00 10 12 44 0C 00 00 16 46 
00 FF FF 00 10 0D 22 93 00 00 02 00 00 10 12 45 0C 00 00 2E 42 
00 FF FF 00 10 0D 22 93 00 00 02 00 00 10 12 46 0C 00 00 32 5B 
00 FF FF 00 10 0D 22 93 00 00 02 00 00 10 12 47 0C 00 00 15 A3 
00 FF FF 00 10 0D 22 93 00 00 02 00 00 10 12 48 0C 00 00 19 B6 
00 FF FF 00 10 0D 22 93 00 00 02 00 00 10 12 49 0C 00 00 0E 1F 
00 FF FF 00 10 0D 22 93 00 00 02 00 00 10 12 4A 0C 00 00 0F 89 
00 FF FF 00 10 0D 22 93 00 00 02 00 00 10 12 4B 0C 00 00 0E 4C 
00 FF FF 00 10 0D 22 93 00 00 02 00 00 10 12 4C 0C 00 00 0C 0E 
00 FF FF 00 10 0D 22 93 00 00 02 00 00 10 12 4D 0C 00 00 15 E7 
00 FF FF 00 10 0D 22 93 00 00 02 00 00 10 12 4E 0C 00 00 26 69 
00 FF FF 00 10 0D 22 93 00 00 02 00 00 10 12 4F 0C 00 00 2A 03 
00 FF FF 00 10 0D 22 93 00 00 02 00 00 10 12 50 0C 00 00 20 33 
00 FF FF 00 10 0D 22 93 00 00 02 00 00 10 12 52 0C 00 00 0E 07 
00 FF FF 00 10 0D 22 93 00 00 02 00 00 10 12 53 0C 00 00 0D A6 
00 FF FF 00 10 0D 22 93 00 00 02 00 00 10 12 54 0C 00 00 1D FD 
00 FF FF 00 10 0D 22 93 00 00 02 00 00 10 12 56 0C 00 00 31 4A 
00 FF FF 00 10 0D 22 93 00 00 02 00 00 10 12 58 0C 00 00 14 F3 
00 FF FF 00 10 0D 22 93 00 00 02 00 00 10 12 59 0C 00 00 0C 62 
00 FF FF 00 10 0D 22 93 00 00 02 00 00 10 12 5A 0C 00 00 0B 2D 
00 FF FF 00 10 0D 22 93 00 00 02 00 00 10 12 5B 0C 00 00 0D C4 
00 FF FF 00 10 0D 22 93 00 00 02 00 00 10 12 5D 0C 00 00 1E BA 
00 FF FF 00 10 0D 22 93 00 00 02 00 00 10 12 5E 0C 00 00 17 9A 
00 FF FF 00 10 0D 22 93 00 00 02 00 00 10 12 5F 0C 00 00 19 05 
00 FF FF 00 10 0D 22 93 00 00 02 00 00 10 12 60 0C 00 00 10 3C 
00 FF FF 00 10 0D 22 93 00 00 02 00 00 10 12 61 0C 00 00 24 A9 
00 FF FF 00 10 0D 22 93 00 00 02 00 00 10 12 63 0C 00 00 13 17 
00 FF FF 00 10 0D 22 93 00 00 02 00 00 10 12 64 0C 00 00 0C 2D 
00 FF FF 00 10 0D 22 93 00 00 02 00 00 10 12 65 0C 00 00 24 1A 
00 FF FF 00 10 0D 22 93 00 00 02 00 00 10 12 66 0C 00 00 1E 3E 
00 FF FF 00 10 0D 22 93 00 00 02 00 00 10 12 67 0C 00 00 1F 0B 
00 FF FF 00 10 0D 22 93 00 00 02 00 00 10 12 68 0C 00 00 2B C7 
00 FF FF 00 10 0D 22 93 00 00 02 00 00 10 12 69 0C 00 00 24 B2 
00 FF FF 00 10 0D 22 93 00 00 02 00 00 10 12 6A 0C 00 00 1D 4B 
00 FF FF 00 10 0D 22 93 00 00 02 00 00 10 12 6C 0C 00 00 0E 0B 
00 FF FF 00 10 0D 22 93 00 00 02 00 00 10 12 6E 0C 00 00 0E 61 
00 FF FF 00 10 0D 22 93 00 00 02 00 00 10 12 70 0C 00 00 16 0E 
00 FF FF 00 10 0D 22 93 00 00 02 00 00 10 12 71 0C 00 00 04 66 
00 FF FF 00 10 0D 22 93 00 00 02 00 00 10 12 72 0C 00 00 18 7F 
00 FF FF 00 10 0D 22 93 00 00 02 00 00 10 12 73 0C 00 00 1E 4C 
00 FF FF 00 10 0D 22 93 00 00 02 00 00 10 12 74 0C 00 00 16 83 
00 FF FF 00 10 0D 22 93 00 00 02 00 00 10 12 75 0C 00 00 15 1E 
00 FF FF 00 10 0D 22 93 00 00 02 00 00 10 12 76 0C 00 00 1F 1E 
00 FF FF 00 10 0D 22 93 00 00 02 00 00 10 12 77 0C 00 00 14 E0 
00 FF FF 00 10 0D 22 93 00 00 02 00 00 10 12 78 0C 00 00 12 91 
00 FF FF 00 10 0D 22 93 00 00 02 00 00 10 12 79 0C 00 00 30 65 
00 FF FF 00 10 0D 22 93 00 00 02 00 00 10 12 7A 0C 00 00 0E 91 
00 FF FF 00 10 0D 22 93 00 00 02 00 00 10 12 7B 0C 00 00 1A E2 
00 FF FF 00 10 0D 22 93 00 00 02 00 00 10 12 7D 0C 00 00 0D CA 
00 FF FF 00 10 0D 22 93 00 00 02 00 00 10 12 7E 0C 00 00 14 94 
00 FF FF 00 10 0D 22 93 00 00 02 00 00 10 12 7F 0C 00 00 0D C1 
00 FF FF 00 10 0D 22 93 00 00 02 00 00 10 12 80 0C 00 00 31 91 
00 FF FF 00 10 0D 22 93 00 00 02 00 00 10 12 81 0C 00 00 27 D6 
00 FF FF 00 10 0D 22 93 00 00 02 00 00 10 12 82 0C 00 00 2C B4 
00 FF FF 00 10 0D 22 93 00 00 02 00 00 10 12 83 0C 00 00 18 6D 
00 FF FF 00 10 0D 22 93 00 00 02 00 00 10 12 84 0C 00 00 24 46 
00 FF FF 00 10 0D 22 93 00 00 02 00 00 10 12 85 0C 00 00 17 84 
00 FF FF 00 10 0D 22 93 00 00 02 00 00 10 12 86 0C 00 00 11 0C 
00 FF FF 00 10 0D 22 93 00 00 02 00 00 10 12 87 0C 00 00 10 D4 
00 FF FF 00 10 0D 22 93 00 00 02 00 00 10 12 88 0C 00 00 15 A8 
00 FF FF 00 10 0D 22 93 00 00 02 00 00 10 12 89 0C 00 00 02 F4 
00 FF FF 00 10 0D 22 93 00 00 02 00 00 10 12 8A 0C 00 00 2D BD 
00 FF FF 00 10 0D 22 93 00 00 02 00 00 10 12 8B 0C 00 00 0F FA 
00 FF FF 00 10 0D 22 93 00 00 02 00 00 10 12 8E 0C 00 00 04 43 
00 FF FF 00 10 0D 22 93 00 00 02 00 00 10 12 8F 0C 00 00 03 A7 
00 FF FF 00 10 0D 22 93 00 00 02 00 00 10 12 90 0C 00 00 12 FD 
00 FF FF 00 10 0D 22 93 00 00 02 00 00 10 12 91 0C 00 00 0D BA 
00 FF FF 00 10 0D 22 93 00 00 02 00 00 10 12 92 0C 00 00 1C 8E 
00 FF FF 00 10 0D 22 93 00 00 02 00 00 10 12 93 0C 00 00 12 7B 
00 FF FF 00 10 0D 22 93 00 00 02 00 00 10 12 94 0C 00 00 16 D0 
00 FF FF 00 10 0D 22 93 00 00 02 00 00 10 12 95 0C 00 00 16 53 
00 FF FF 00 10 0D 22 93 00 00 02 00 00 10 12 96 0C 00 00 1D EC 
00 FF FF 00 10 0D 22 93 00 00 02 00 00 10 12 97 0C 00 00 10 0C 
00 FF FF 00 10 0D 22 93 00 00 02 00 00 10 12 98 0C 00 00 15 CB 
00 FF FF 00 10 0D 22 93 00 00 02 00 00 10 12 9A 0C 00 00 0D EC 
00 FF FF 00 10 0D 22 93 00 00 02 00 00 10 12 9B 0C 00 00 16 83 
00 FF FF 00 10 0D 22 93 00 00 02 00 00 10 12 9C 0C 00 00 25 22 
00 FF FF 00 10 0D 22 93 00 00 02 00 00 10 12 9E 0C 00 00 24 54 
00 FF FF 00 10 0D 22 93 00 00 02 00 00 10 12 9F 0C 00 00 19 A3 
00 FF FF 00 10 0D 22 93 00 00 02 00 00 10 12 A0 0C 00 00 0B 93 
00 FF FF 00 10 0D 22 93 00 00 02 00 00 10 12 A1 0C 00 00 17 70 
00 FF FF 00 10 0D 22 93 00 00 02 00 00 10 12 A2 0C 00 00 26 C8 
00 FF FF 00 10 0D 22 93 00 00 02 00 00 10 12 A3 0C 00 00 0F 18 
00 FF FF 00 10 0D 22 93 00 00 02 00 00 10 12 A4 0C 00 00 09 BB 
00 FF FF 00 10 0D 22 93 00 00 02 00 00 10 12 A5 0C 00 00 2C 7A 
00 FF FF 00 10 0D 22 93 00 00 02 00 00 10 12 A6 0C 00 00 2E F3 
00 FF FF 00 10 0D 22 93 00 00 02 00 00 10 12 A7 0C 00 00 13 19 
00 FF FF 00 10 0D 22 93 00 00 02 00 00 10 12 A8 0C 00 00 10 F5 
00 FF FF 00 10 0D 22 93 00 00 02 00 00 10 12 A9 0C 00 00 14 53 
00 FF FF 00 10 0D 22 93 00 00 02 00 00 10 12 AA 0C 00 00 13 41 
00 FF FF 00 10 0D 22 93 00 00 02 00 00 10 12 AB 0C 00 00 18 7E 
00 FF FF 00 10 0D 22 93 00 00 02 00 00 10 12 AC 0C 00 00 20 0D 
00 FF FF 00 10 0D 22 93 00 00 02 00 00 10 12 AD 0C 00 00 11 E8 
00 FF FF 00 10 0D 22 93 00 00 02 00 00 10 12 AE 0C 00 00 31 55 
00 FF FF 00 10 0D 22 93 00 00 02 00 00 10 12 AF 0C 00 00 26 52 
00 FF FF 00 10 0D 22 93 00 00 02 00 00 10 12 B0 0C 00 00 11 A7 
00 FF FF 00 10 0D 22 93 00 00 02 00 00 10 12 B1 0C 00 00 10 0F 
00 FF FF 00 10 0D 22 93 00 00 02 00 00 10 12 B2 0C 00 00 11 03 
00 FF FF 00 10 0D 22 93 00 00 02 00 00 10 12 B3 0C 00 00 16 BB 
00 FF FF 00 10 0D 22 93 00 00 02 00 00 10 12 B4 0C 00 00 11 7B 
00 FF FF 00 10 0D 22 93 00 00 02 00 00 10 12 B5 0C 00 00 3A 3D 
00 FF FF 00 10 0D 22 93 00 00 02 00 00 10 12 B6 0C 00 00 1B 26 
00 FF FF 00 10 0D 22 93 00 00 02 00 00 10 12 B8 0C 00 00 10 F6 
00 FF FF 00 10 0D 22 93 00 00 02 00 00 10 12 B9 0C 00 00 10 75 
00 FF FF 00 10 0D 22 93 00 00 02 00 00 10 12 BA 0C 00 00 11 BF 
00 FF FF 00 10 0D 22 93 00 00 02 00 00 10 12 BB 0C 00 00 14 38 
00 FF FF 00 10 0D 22 93 00 00 02 00 00 10 12 BC 0C 00 00 28 6D 
00 FF FF 00 10 0D 22 93 00 00 02 00 00 10 12 BD 0C 00 00 1E D4 
00 FF FF 00 10 0D 22 93 00 00 02 00 00 10 12 BE 0C 00 00 23 72 
00 FF FF 00 10 0D 22 93 00 00 02 00 00 10 12 C1 0C 00 00 10 B8 
00 FF FF 00 10 0D 22 93 00 00 02 00 00 10 12 C2 0C 00 00 11 62 
00 FF FF 00 10 0D 22 93 00 00 02 00 00 10 12 C3 0C 00 00 0D 72 
00 FF FF 00 10 0D 22 93 00 00 02 00 00 10 12 C4 0C 00 00 12 57 
00 FF FF 00 10 0D 22 93 00 00 02 00 00 10 12 C5 0C 00 00 15 7F 
00 FF FF 00 10 0D 22 93 00 00 02 00 00 10 12 C6 0C 00 00 1C C4 
00 FF FF 00 10 0D 22 93 00 00 02 00 00 10 12 C7 0C 00 00 37 91 
00 FF FF 00 10 0D 22 93 00 00 02 00 00 10 12 C8 0C 00 00 30 CB 
00 FF FF 00 10 0D 22 93 00 00 02 00 00 10 12 C9 0C 00 00 1D 9D 
00 FF FF 00 10 0D 22 93 00 00 02 00 00 10 12 CA 0C 00 00 11 CE 
00 FF FF 00 10 0D 22 93 00 00 02 00 00 10 12 CB 0C 00 00 13 3E 
00 FF FF 00 10 0D 22 93 00 00 02 00 00 10 12 CC 0C 00 00 1B 5A 
00 FF FF 00 10 0D 22 93 00 00 02 00 00 10 12 CD 0C 00 00 21 65 
00 FF FF 00 10 0D 22 93 00 00 02 00 00 10 12 CE 0C 00 00 27 2C 
00 FF FF 00 10 0D 22 93 00 00 02 00 00 10 12 D0 0C 00 00 23 DA 
00 FF FF 00 10 0D 22 93 00 00 02 00 00 10 12 D1 0C 00 00 27 B8 
00 FF FF 00 10 0D 22 93 00 00 02 00 00 10 12 D2 0C 00 00 13 0B 
00 FF FF 00 10 0D 22 93 00 00 02 00 00 10 12 D3 0C 00 00 0C D3 
00 FF FF 00 10 0D 22 93 00 00 02 00 00 10 12 D4 0C 00 00 11 8E 
00 FF FF 00 10 0D 22 93 00 00 02 00 00 10 12 D5 0C 00 00 15 F5 
00 FF FF 00 10 0D 22 93 00 00 02 00 00 10 12 D6 0C 00 00 24 BE 
00 FF FF 00 10 0D 22 93 00 00 02 00 00 10 12 D7 0C 00 00 3D 0D 
00 FF FF 00 10 0D 22 93 00 00 02 00 00 10 12 D8 0C 00 00 15 AA 
00 FF FF 00 10 0D 22 93 00 00 02 00 00 10 12 DA 0C 00 00 12 5E 
00 FF FF 00 10 0D 22 93 00 00 02 00 00 10 12 DC 0C 00 00 0D 5F 
00 FF FF 00 10 0D 22 93 00 00 02 00 00 10 12 DD 0C 00 00 21 03 
00 FF FF 00 10 0D 22 93 00 00 02 00 00 10 12 DE 0C 00 00 1D BA 
00 FF FF 00 10 0D 22 93 00 00 02 00 00 10 12 DF 0C 00 00 1B 09 
00 FF FF 00 10 0D 22 93 00 00 02 00 00 10 12 E0 0C 00 00 28 AA 
00 FF FF 00 10 0D 22 93 00 00 02 00 00 10 12 E1 0C 00 00 1B 4F 
00 FF FF 00 10 0D 22 93 00 00 02 00 00 10 12 E2 0C 00 00 13 43 
00 FF FF 00 10 0D 22 93 00 00 02 00 00 10 12 E3 0C 00 00 1E E4 
00 FF FF 00 10 0D 22 93 00 00 02 00 00 10 12 E4 0C 00 00 1A 39 
00 FF FF 00 10 0D 22 93 00 00 02 00 00 10 12 E5 0C 00 00 0D B6 
00 FF FF 00 10 0D 22 93 00 00 02 00 00 10 12 E7 0C 00 00 1C E8 
00 FF FF 00 10 0D 22 93 00 00 02 00 00 10 12 E8 0C 00 00 17 A7 
00 FF FF 00 10 0D 22 93 00 00 02 00 00 10 12 E9 0C 00 00 19 2E 
00 FF FF 00 10 0D 22 93 00 00 02 00 00 10 12 EA 0C 00 00 10 EC 
00 FF FF 00 10 0D 22 93 00 00 02 00 00 10 12 EB 0C 00 00 22 A2 
00 FF FF 00 10 0D 22 93 00 00 02 00 00 10 12 EC 0C 00 00 16 9B 
00 FF FF 00 10 0D 22 93 00 00 02 00 00 10 12 ED 0C 00 00 10 CE 
00 FF FF 00 10 0D 22 93 00 00 02 00 00 10 12 EE 0C 00 00 11 51 
00 FF FF 00 10 0D 22 93 00 00 02 00 00 10 12 EF 0C 00 00 1B 1E 
00 FF FF 00 10 0D 22 93 00 00 02 00 00 10 12 F0 0C 00 00 22 B3 
00 FF FF 00 10 0D 22 93 00 00 02 00 00 10 12 F1 0C 00 00 27 CE 
00 FF FF 00 10 0D 22 93 00 00 02 00 00 10 12 F2 0C 00 00 1B B5 
00 FF FF 00 10 0D 22 93 00 00 02 00 00 10 12 F3 0C 00 00 0D D3 
00 FF FF 00 10 0D 22 93 00 00 02 00 00 10 12 F4 0C 00 00 1E C2 
00 FF FF 00 10 0D 22 93 00 00 02 00 00 10 12 F6 0C 00 00 08 73 
00 FF FF 00 10 0D 22 93 00 00 02 00 00 10 12 F7 0C 00 00 0C E6 
00 FF FF 00 10 0D 22 93 00 00 02 00 00 10 12 F8 0C 00 00 0F DE 
00 FF FF 00 10 0D 22 93 00 00 02 00 00 10 12 F9 0C 00 00 11 24 
00 FF FF 00 10 0D 22 93 00 00 02 00 00 10 12 FA 0C 00 00 1B 7E 
00 FF FF 00 10 0D 22 93 00 00 02 00 00 10 12 FD 0C 00 00 16 4E 
00 FF FF 00 10 0D 22 93 00 00 02 00 00 10 12 FE 0C 00 00 12 03 
00 FF FF 00 10 0D 22 93 00 00 02 00 00 10 12 FF 0C 00 00 15 EB 
00 FF FF 00 10 0D 22 93 00 00 02 00 00 10 13 01 0C 00 00 12 E0 
00 FF FF 00 10 0D 22 93 00 00 02 00 00 10 13 02 0C 00 00 16 85 
00 FF FF 00 10 0D 22 93 00 00 02 00 00 10 13 03 0C 00 00 17 FE 
00 FF FF 00 10 0D 22 93 00 00 02 00 00 10 13 04 0C 00 00 1F 5A 
00 FF FF 00 10 0D 22 93 00 00 02 00 00 10 13 05 0C 00 00 1C EA 
00 FF FF 00 10 0D 22 93 00 00 02 00 00 10 13 06 0C 00 00 10 89 
00 FF FF 00 10 0D 22 93 00 00 02 00 00 10 13 07 0C 00 00 14 FE 
00 FF FF 00 10 0D 22 93 00 00 02 00 00 10 13 08 0C 00 00 10 7C 
00 FF FF 00 10 0D 22 93 00 00 02 00 00 10 13 09 0C 00 00 18 0F 
00 FF FF 00 10 0D 22 93 00 00 02 00 00 10 13 0A 0C 00 00 25 CB 
00 FF FF 00 10 0D 22 93 00 00 02 00 00 10 13 0B 0C 00 00 31 A9 
00 FF FF 00 10 0D 22 93 00 00 02 00 00 10 13 0C 0C 00 00 0D FD 
00 FF FF 00 10 0D 22 93 00 00 02 00 00 10 13 0D 0C 00 00 22 AD 
00 FF FF 00 10 0D 22 93 00 00 02 00 00 10 13 0E 0C 00 00 15 13 
00 FF FF 00 10 0D 22 93 00 00 02 00 00 10 13 0F 0C 00 00 0B 8A 
00 FF FF 00 10 0D 22 93 00 00 02 00 00 10 13 10 0C 00 00 16 2A 
00 FF FF 00 10 0D 22 93 00 00 02 00 00 10 13 11 0C 00 00 13 96 
00 FF FF 00 10 0D 22 93 00 00 02 00 00 10 13 12 0C 00 00 1D 4A 
00 FF FF 00 10 0D 22 93 00 00 02 00 00 10 13 13 0C 00 00 22 7E 
00 FF FF 00 10 0D 22 93 00 00 02 00 00 10 13 14 0C 00 00 0F 2D 
00 FF FF 00 10 0D 22 93 00 00 02 00 00 10 13 15 0C 00 00 29 0B 
00 FF FF 00 10 0D 22 93 00 00 02 00 00 10 13 16 0C 00 00 1F 59 
00 FF FF 00 10 0D 22 93 00 00 02 00 00 10 13 17 0C 00 00 18 BF 
00 FF FF 00 10 0D 22 93 00 00 02 00 00 10 13 18 0C 00 00 15 90 
00 FF FF 00 10 0D 22 93 00 00 02 00 00 10 13 19 0C 00 00 0D 6A 
00 FF FF 00 10 0D 22 93 00 00 02 00 00 10 13 1A 0C 00 00 11 1A 
00 FF FF 00 10 0D 22 93 00 00 02 00 00 10 13 1B 0C 00 00 0F 58 
00 FF FF 00 10 0D 22 93 00 00 02 00 00 10 13 1C 0C 00 00 30 8B 
00 FF FF 00 10 0D 22 93 00 00 02 00 00 10 13 1D 0C 00 00 0C B9 
00 FF FF 00 10 0D 22 93 00 00 02 00 00 10 13 1F 0C 00 00 14 88 
00 FF FF 00 10 0D 22 93 00 00 02 00 00 10 13 20 0C 00 00 11 69 
00 FF FF 00 10 0D 22 93 00 00 02 00 00 10 13 21 0C 00 00 0E 0D 
00 FF FF 00 10 0D 22 93 00 00 02 00 00 10 13 22 0C 00 00 10 1D 
00 FF FF 00 10 0D 22 93 00 00 02 00 00 10 13 23 0C 00 00 12 A3 
00 FF FF 00 10 0D 22 93 00 00 02 00 00 10 13 24 0C 00 00 20 DA 
00 FF FF 00 10 0D 22 93 00 00 02 00 00 10 13 25 0C 00 00 33 DE 
00 FF FF 00 10 0D 22 93 00 00 02 00 00 10 13 28 0C 00 00 08 A9 
00 FF FF 00 10 0D 22 93 00 00 02 00 00 10 13 29 0C 00 00 18 E4 
00 FF FF 00 10 0D 22 93 00 00 02 00 00 10 13 2A 0C 00 00 0B B0 
00 FF FF 00 10 0D 22 93 00 00 02 00 00 10 13 2B 0C 00 00 1D 12 
00 FF FF 00 10 0D 22 93 00 00 02 00 00 10 13 2C 0C 00 00 0E B0 
00 FF FF 00 10 0D 22 93 00 00 02 00 00 10 13 2D 0C 00 00 14 49 
00 FF FF 00 10 0D 22 93 00 00 02 00 00 10 13 2F 0C 00 00 25 4C 
00 FF FF 00 10 0D 22 93 00 00 02 00 00 10 13 30 0C 00 00 1B 41 
00 FF FF 00 10 0D 22 93 00 00 02 00 00 10 13 31 0C 00 00 1C FE 
00 FF FF 00 10 0D 22 93 00 00 02 00 00 10 13 32 0C 00 00 1C 23 
00 FF FF 00 10 0D 22 93 00 00 02 00 00 10 13 33 0C 00 00 19 3F 
00 FF FF 00 10 0D 22 93 00 00 02 00 00 10 13 34 0C 00 00 0F 4F 
00 FF FF 00 10 0D 22 93 00 00 02 00 00 10 13 35 0C 00 00 0F 22 
00 FF FF 00 10 0D 22 93 00 00 02 00 00 10 13 36 0C 00 00 0A DE 
00 FF FF 00 10 0D 22 93 00 00 02 00 00 10 13 37 0C 00 00 10 4C 
00 FF FF 00 10 0D 22 93 00 00 02 00 00 10 13 38 0C 00 00 13 25 
00 FF FF 00 10 0D 22 93 00 00 02 00 00 10 13 39 0C 00 00 19 46 
00 FF FF 00 10 0D 22 93 00 00 02 00 00 10 13 3A 0C 00 00 0D 72 
00 FF FF 00 10 0D 22 93 00 00 02 00 00 10 13 3C 0C 00 00 1A F8 
00 FF FF 00 10 0D 22 93 00 00 02 00 00 10 13 3D 0C 00 00 19 FB 
00 FF FF 00 10 0D 22 93 00 00 02 00 00 10 13 3E 0C 00 00 1A 1A 
00 FF FF 00 10 0D 22 93 00 00 02 00 00 10 13 3F 0C 00 00 2C 61 
00 FF FF 00 10 0D 22 93 00 00 02 00 00 10 13 40 0C 00 00 24 71 
00 FF FF 00 10 0D 22 93 00 00 02 00 00 10 13 41 0C 00 00 18 B9 
00 FF FF 00 10 0D 22 93 00 00 02 00 00 10 13 42 0C 00 00 11 39 
00 FF FF 00 10 0D 22 93 00 00 02 00 00 10 13 43 0C 00 00 0D 95 
00 FF FF 00 10 0D 22 93 00 00 02 00 00 10 13 44 0C 00 00 0D 5D 
00 FF FF 00 10 0D 22 93 00 00 02 00 00 10 13 45 0C 00 00 10 16 
00 FF FF 00 10 0D 22 93 00 00 02 00 00 10 13 47 0C 00 00 19 90 
00 FF FF 00 10 0D 22 93 00 00 02 00 00 10 13 49 0C 00 00 0F C6 
00 FF FF 00 10 0D 22 93 00 00 02 00 00 10 13 4A 0C 00 00 1D 28 
00 FF FF 00 10 0D 22 93 00 00 02 00 00 10 13 4B 0C 00 00 0D 38 
00 FF FF 00 10 0D 22 93 00 00 02 00 00 10 13 4D 0C 00 00 0F 36 
00 FF FF 00 10 0D 22 93 00 00 02 00 00 10 13 4E 0C 00 00 0E 9A 
00 FF FF 00 10 0D 22 93 00 00 02 00 00 10 13 4F 0C 00 00 1D 10 
00 FF FF 00 10 0D 22 93 00 00 02 00 00 10 13 50 0C 00 00 0F 7B 
00 FF FF 00 10 0D 22 93 00 00 02 00 00 10 13 53 0C 00 00 18 3D 
00 FF FF 00 10 0D 22 93 00 00 02 00 00 10 13 55 0C 00 00 15 C7 
00 FF FF 00 10 0D 22 93 00 00 02 00 00 10 13 56 0C 00 00 15 77 
00 FF FF 00 10 0D 22 93 00 00 02 00 00 10 13 57 0C 00 00 13 05 
00 FF FF 00 10 0D 22 93 00 00 02 00 00 10 13 58 0C 00 00 1B EF 
00 FF FF 00 10 0D 22 93 00 00 02 00 00 10 13 59 0C 00 00 0A 8E 
00 FF FF 00 10 0D 22 93 00 00 02 00 00 10 13 5A 0C 00 00 1E 32 
00 FF FF 00 10 0D 22 93 00 00 02 00 00 10 13 5B 0C 00 00 1C 39 
00 FF FF 00 10 0D 22 93 00 00 02 00 00 10 13 5C 0C 00 00 11 D7 
00 FF FF 00 10 0D 22 93 00 00 02 00 00 10 13 5D 0C 00 00 15 18 
00 FF FF 00 10 0D 22 93 00 00 02 00 00 10 13 5E 0C 00 00 29 72 
00 FF FF 00 10 0D 22 93 00 00 02 00 00 10 13 5F 0C 00 00 1E 28 
00 FF FF 00 10 0D 22 93 00 00 02 00 00 10 13 60 0C 00 00 0E 3A 
00 FF FF 00 10 0D 22 93 00 00 02 00 00 10 13 61 0C 00 00 13 07 
00 FF FF 00 10 0D 22 93 00 00 02 00 00 10 13 62 0C 00 00 1C 39 
00 FF FF 00 10 0D 22 93 00 00 02 00 00 10 13 63 0C 00 00 1E D1 
00 FF FF 00 10 0D 22 93 00 00 02 00 00 10 13 64 0C 00 00 13 D6 
00 FF FF 00 10 0D 22 93 00 00 02 00 00 10 13 65 0C 00 00 15 3B 
00 FF FF 00 10 0D 22 93 00 00 02 00 00 10 13 66 0C 00 00 17 00 
00 FF FF 00 10 0D 22 93 00 00 02 00 00 10 13 67 0C 00 00 24 71 
00 FF FF 00 10 0D 22 93 00 00 02 00 00 10 13 68 0C 00 00 14 EF 
00 FF FF 00 10 0D 22 93 00 00 02 00 00 10 13 69 0C 00 00 15 99 
00 FF FF 00 10 0D 22 93 00 00 02 00 00 10 13 6B 0C 00 00 13 AC 
00 FF FF 00 10 0D 22 93 00 00 02 00 00 10 13 6C 0C 00 00 16 44 
00 FF FF 00 10 0D 22 93 00 00 02 00 00 10 13 6D 0C 00 00 16 D2 
00 FF FF 00 10 0D 22 93 00 00 02 00 00 10 13 6E 0C 00 00 26 51 
00 FF FF 00 10 0D 22 93 00 00 02 00 00 10 13 6F 0C 00 00 2D A3 
00 FF FF 00 10 0D 22 93 00 00 02 00 00 10 13 70 0C 00 00 1F 6B 
00 FF FF 00 10 0D 22 93 00 00 02 00 00 10 13 71 0C 00 00 13 7E 
00 FF FF 00 10 0D 22 93 00 00 02 00 00 10 13 72 0C 00 00 19 F6 
00 FF FF 00 10 0D 22 93 00 00 02 00 00 10 13 73 0C 00 00 1D 5E 
00 FF FF 00 10 0D 22 93 00 00 02 00 00 10 13 74 0C 00 00 1E 1E 
00 FF FF 00 10 0D 22 93 00 00 02 00 00 10 13 75 0C 00 00 0E AE 
00 FF FF 00 10 0D 22 93 00 00 02 00 00 10 13 76 0C 00 00 11 51 
00 FF FF 00 10 0D 22 93 00 00 02 00 00 10 13 77 0C 00 00 0B CF 
00 FF FF 00 10 0D 22 93 00 00 02 00 00 10 13 78 0C 00 00 0F F5 
00 FF FF 00 10 0D 22 93 00 00 02 00 00 10 13 79 0C 00 00 09 BF 
00 FF FF 00 10 0D 22 93 00 00 02 00 00 10 13 7A 0C 00 00 14 E1 
00 FF FF 00 10 0D 22 93 00 00 02 00 00 10 13 7B 0C 00 00 01 F0 
00 FF FF 00 10 0D 22 93 00 00 02 00 00 10 13 7C 0C 00 00 10 EA 
00 FF FF 00 10 0D 22 93 00 00 02 00 00 10 13 7D 0C 00 00 0D 03 
00 FF FF 00 10 0D 22 93 00 00 02 00 00 10 13 7F 0C 00 00 0B 36 
00 FF FF 00 10 0D 22 93 00 00 02 00 00 10 13 80 0C 00 00 13 48 
00 FF FF 00 10 0D 22 93 00 00 02 00 00 10 13 81 0C 00 00 09 86 
00 FF FF 00 10 0D 22 93 00 00 02 00 00 10 13 82 0C 00 00 1C 8A 
00 FF FF 00 10 0D 22 93 00 00 02 00 00 10 13 84 0C 00 00 13 4A 
00 FF FF 00 10 0D 22 93 00 00 02 00 00 10 13 85 0C 00 00 11 B9 
00 FF FF 00 10 0D 22 93 00 00 02 00 00 10 13 86 0C 00 00 14 1A 
00 FF FF 00 10 0D 22 93 00 00 02 00 00 10 13 87 0C 00 00 1B EE 
00 FF FF 00 10 0D 22 93 00 00 02 00 00 10 13 88 0C 00 00 19 AE 
00 FF FF 00 10 0D 22 93 00 00 02 00 00 10 13 89 0C 00 00 0F C6 
00 FF FF 00 10 0D 22 93 00 00 02 00 00 10 13 8A 0C 00 00 1B BE 
00 FF FF 00 10 0D 22 93 00 00 02 00 00 10 13 8B 0C 00 00 1B 7E 
00 FF FF 00 10 0D 22 93 00 00 02 00 00 10 13 8C 0C 00 00 14 00 
00 FF FF 00 10 0D 22 93 00 00 02 00 00 10 13 8D 0C 00 00 15 5B 
00 FF FF 00 10 0D 22 93 00 00 02 00 00 10 13 8E 0C 00 00 13 33 
00 FF FF 00 10 0D 22 93 00 00 02 00 00 10 13 8F 0C 00 00 1F D6 
00 FF FF 00 10 0D 22 93 00 00 02 00 00 10 13 90 0C 00 00 0D FA 
00 FF FF 00 10 0D 22 93 00 00 02 00 00 10 13 91 0C 00 00 24 9A 
00 FF FF 00 10 0D 22 93 00 00 02 00 00 10 13 92 0C 00 00 1E D8 
00 FF FF 00 10 0D 22 93 00 00 02 00 00 10 13 93 0C 00 00 18 06 
00 FF FF 00 10 0D 22 93 00 00 02 00 00 10 13 94 0C 00 00 0E 26 
00 FF FF 00 10 0D 22 93 00 00 02 00 00 10 13 95 0C 00 00 10 93 
00 FF FF 00 10 0D 22 93 00 00 02 00 00 10 13 96 0C 00 00 0C CE 
00 FF FF 00 10 0D 22 93 00 00 02 00 00 10 13 97 0C 00 00 11 67 
00 FF FF 00 10 0D 22 93 00 00 02 00 00 10 13 98 0C 00 00 0A A4 
00 FF FF 00 10 0D 22 93 00 00 02 00 00 10 13 99 0C 00 00 38 54 
00 FF FF 00 10 0D 22 93 00 00 02 00 00 10 13 9A 0C 00 00 34 AA 
00 FF FF 00 10 0D 22 93 00 00 02 00 00 10 13 9B 0C 00 00 14 61 
00 FF FF 00 10 0D 22 93 00 00 02 00 00 10 13 9C 0C 00 00 17 65 
00 FF FF 00 10 0D 22 93 00 00 02 00 00 10 13 9D 0C 00 00 16 DA 
00 FF FF 00 10 0D 22 93 00 00 02 00 00 10 13 9E 0C 00 00 10 D3 
00 FF FF 00 10 0D 22 93 00 00 02 00 00 10 13 9F 0C 00 00 0B 00 
00 FF FF 00 10 0D 22 93 00 00 02 00 00 10 13 A0 0C 00 00 1C F1 
00 FF FF 00 10 0D 22 93 00 00 02 00 00 10 13 A1 0C 00 00 22 BE 
00 FF FF 00 10 0D 22 93 00 00 02 00 00 10 13 A2 0C 00 00 20 B5 
00 FF FF 00 10 0D 22 93 00 00 02 00 00 10 13 A3 0C 00 00 23 2B 
00 FF FF 00 10 0D 22 93 00 00 02 00 00 10 13 A4 0C 00 00 19 2B 
00 FF FF 00 10 0D 22 93 00 00 02 00 00 10 13 A5 0C 00 00 1A 57 
00 FF FF 00 10 0D 22 93 00 00 02 00 00 10 13 A6 0C 00 00 13 B1 
00 FF FF 00 10 0D 22 93 00 00 02 00 00 10 13 A7 0C 00 00 11 58 
00 FF FF 00 10 0D 22 93 00 00 02 00 00 10 13 A8 0C 00 00 0D D8 
00 FF FF 00 10 0D 22 93 00 00 02 00 00 10 13 A9 0C 00 00 10 42 
00 FF FF 00 10 0D 22 93 00 00 02 00 00 10 13 AB 0C 00 00 2E 52 
00 FF FF 00 10 0D 22 93 00 00 02 00 00 10 13 AC 0C 00 00 1D AD 
00 FF FF 00 10 0D 22 93 00 00 02 00 00 10 13 AD 0C 00 00 19 0B 
00 FF FF 00 10 0D 22 93 00 00 02 00 00 10 13 AE 0C 00 00 18 29 
00 FF FF 00 10 0D 22 93 00 00 02 00 00 10 13 AF 0C 00 00 0E 4E 
00 FF FF 00 10 0D 22 93 00 00 02 00 00 10 13 B0 0C 00 00 0E 5B 
00 FF FF 00 10 0D 22 93 00 00 02 00 00 10 13 B1 0C 00 00 0C 1A 
00 FF FF 00 10 0D 22 93 00 00 02 00 00 10 13 B3 0C 00 00 1C 9D 
00 FF FF 00 10 0D 22 93 00 00 02 00 00 10 13 B4 0C 00 00 29 E4 
00 FF FF 00 10 0D 22 93 00 00 02 00 00 10 13 B5 0C 00 00 12 4C 
00 FF FF 00 10 0D 22 93 00 00 02 00 00 10 13 B6 0C 00 00 13 E3 
00 FF FF 00 10 0D 22 93 00 00 02 00 00 10 13 B7 0C 00 00 14 13 
00 FF FF 00 10 0D 22 93 00 00 02 00 00 10 13 B8 0C 00 00 0D 98 
00 FF FF 00 10 0D 22 93 00 00 02 00 00 10 13 B9 0C 00 00 16 78 
00 FF FF 00 10 0D 22 93 00 00 02 00 00 10 13 BA 0C 00 00 0F 8B 
00 FF FF 00 10 0D 22 93 00 00 02 00 00 10 13 BB 0C 00 00 15 7E 
00 FF FF 00 10 0D 22 93 00 00 02 00 00 10 13 BC 0C 00 00 10 46 
00 FF FF 00 10 0D 22 93 00 00 02 00 00 10 13 BD 0C 00 00 16 F1 
00 FF FF 00 10 0D 22 93 00 00 02 00 00 10 13 BE 0C 00 00 27 CD 
00 FF FF 00 10 0D 22 93 00 00 02 00 00 10 13 BF 0C 00 00 1B 27 
00 FF FF 00 10 0D 22 93 00 00 02 00 00 10 13 C0 0C 00 00 0F 13 
00 FF FF 00 10 0D 22 93 00 00 02 00 00 10 13 C1 0C 00 00 0B 62 
00 FF FF 00 10 0D 22 93 00 00 02 00 00 10 13 C2 0C 00 00 18 2F 
00 FF FF 00 10 0D 22 93 00 00 02 00 00 10 13 C3 0C 00 00 18 3B 
00 FF FF 00 10 0D 22 93 00 00 02 00 00 10 13 C4 0C 00 00 11 AB 
00 FF FF 00 10 0D 22 93 00 00 02 00 00 10 13 C5 0C 00 00 36 B5 
00 FF FF 00 10 0D 22 93 00 00 02 00 00 10 13 C6 0C 00 00 32 FA 
00 FF FF 00 10 0D 22 93 00 00 02 00 00 10 13 C7 0C 00 00 1E E6 
00 FF FF 00 10 0D 22 93 00 00 02 00 00 10 13 C8 0C 00 00 17 7B 
00 FF FF 00 10 0D 22 93 00 00 02 00 00 10 13 C9 0C 00 00 0C 68 
00 FF FF 00 10 0D 22 93 00 00 02 00 00 10 13 CA 0C 00 00 11 12 
00 FF FF 00 10 0D 22 93 00 00 02 00 00 10 13 CB 0C 00 00 0C 67 
00 FF FF 00 10 0D 22 93 00 00 02 00 00 10 13 CC 0C 00 00 07 BF 
00 FF FF 00 10 0D 22 93 00 00 02 00 00 10 13 CD 0C 00 00 18 EA 
00 FF FF 00 10 0D 22 93 00 00 02 00 00 10 13 CE 0C 00 00 24 F2 
00 FF FF 00 10 0D 22 93 00 00 02 00 00 10 13 D0 0C 00 00 10 BB 
00 FF FF 00 10 0D 22 93 00 00 02 00 00 10 13 D1 0C 00 00 09 DE 
00 FF FF 00 10 0D 22 93 00 00 02 00 00 10 13 D2 0C 00 00 0F 3B 
00 FF FF 00 10 0D 22 93 00 00 02 00 00 10 13 D3 0C 00 00 0C 82 
00 FF FF 00 10 0D 22 93 00 00 02 00 00 10 13 D4 0C 00 00 25 D4 
00 FF FF 00 10 0D 22 93 00 00 02 00 00 10 13 D5 0C 00 00 10 29 
00 FF FF 00 10 0D 22 93 00 00 02 00 00 10 13 D6 0C 00 00 22 BE 
00 FF FF 00 10 0D 22 93 00 00 02 00 00 10 13 D7 0C 00 00 35 B9 
00 FF FF 00 10 0D 22 93 00 00 02 00 00 10 13 D9 0C 00 00 0E 8A 
00 FF FF 00 10 0D 22 93 00 00 02 00 00 10 13 DA 0C 00 00 10 36 
00 FF FF 00 10 0D 22 93 00 00 02 00 00 10 13 DB 0C 00 00 0D 96 
00 FF FF 00 10 0D 22 93 00 00 02 00 00 10 13 DC 0C 00 00 0B 23 
00 FF FF 00 10 0D 22 93 00 00 02 00 00 10 13 DD 0C 00 00 2F B5 
00 FF FF 00 10 0D 22 93 00 00 02 00 00 10 13 DE 0C 00 00 1D 6A 
00 FF FF 00 10 0D 22 93 00 00 02 00 00 10 13 DF 0C 00 00 39 55 
00 FF FF 00 10 0D 22 93 00 00 02 00 00 10 13 E0 0C 00 00 15 5D 
00 FF FF 00 10 0D 22 93 00 00 02 00 00 10 13 E1 0C 00 00 26 9F 
00 FF FF 00 10 0D 22 93 00 00 02 00 00 10 13 E2 0C 00 00 08 C3 
00 FF FF 00 10 0D 22 93 00 00 02 00 00 10 13 E3 0C 00 00 13 9F 
00 FF FF 00 10 0D 22 93 00 00 02 00 00 10 13 E4 0C 00 00 0D 83 
00 FF FF 00 10 0D 22 93 00 00 02 00 00 10 13 E7 0C 00 00 31 64 
00 FF FF 00 10 0D 22 93 00 00 02 00 00 10 13 E8 0C 00 00 16 0D 
00 FF FF 00 10 0D 22 93 00 00 02 00 00 10 13 E9 0C 00 00 2D 0E 
00 FF FF 00 10 0D 22 93 00 00 02 00 00 10 13 EB 0C 00 00 17 1B 
00 FF FF 00 10 0D 22 93 00 00 02 00 00 10 13 EC 0C 00 00 10 E6 
00 FF FF 00 10 0D 22 93 00 00 02 00 00 10 13 ED 0C 00 00 10 9E 
00 FF FF 00 10 0D 22 93 00 00 02 00 00 10 13 EF 0C 00 00 11 ED 
00 FF FF 00 10 0D 22 93 00 00 02 00 00 10 13 F0 0C 00 00 26 AD 
00 FF FF 00 10 0D 22 93 00 00 02 00 00 10 13 F1 0C 00 00 27 71 
00 FF FF 00 10 0D 22 93 00 00 02 00 00 10 13 F3 0C 00 00 14 1F 
00 FF FF 00 10 0D 22 93 00 00 02 00 00 10 13 F4 0C 00 00 12 87 
00 FF FF 00 10 0D 22 93 00 00 02 00 00 10 13 F5 0C 00 00 1A B9 
00 FF FF 00 10 0D 22 93 00 00 02 00 00 10 13 F7 0C 00 00 1F FA 
00 FF FF 00 10 0D 22 93 00 00 02 00 00 10 13 F8 0C 00 00 1C 59 
00 FF FF 00 10 0D 22 93 00 00 02 00 00 10 13 F9 0C 00 00 37 91 
00 FF FF 00 10 0D 22 93 00 00 02 00 00 10 13 FA 0C 00 00 15 CF 
00 FF FF 00 10 0D 22 93 00 00 02 00 00 10 13 FB 0C 00 00 16 2F 
00 FF FF 00 10 0D 22 93 00 00 02 00 00 10 13 FC 0C 00 00 11 52 
00 FF FF 00 10 0D 22 93 00 00 02 00 00 10 13 FD 0C 00 00 17 B2 
00 FF FF 00 10 0D 22 93 00 00 02 00 00 10 13 FE 0C 00 00 0E 76 
00 FF FF 00 10 0D 22 93 00 00 02 00 00 10 13 FF 0C 00 00 18 D6 
00 FF FF 00 10 0D 22 93 00 00 02 00 00 10 14 00 0C 00 00 1C EE 
00 FF FF 00 10 0D 22 93 00 00 02 00 00 10 14 01 0C 00 00 30 65 
00 FF FF 00 10 0D 22 93 00 00 02 00 00 10 14 02 0C 00 00 13 39 
00 FF FF 00 10 0D 22 93 00 00 02 00 00 10 14 03 0C 00 00 33 D2 
00 FF FF 00 10 0D 22 93 00 00 02 00 00 10 14 04 0C 00 00 11 3B 
00 FF FF 00 10 0D 22 93 00 00 02 00 00 10 14 05 0C 00 00 15 B6 
00 FF FF 00 10 0D 22 93 00 00 02 00 00 10 14 06 0C 00 00 17 DF 
00 FF FF 00 10 0D 22 93 00 00 02 00 00 10 14 08 0C 00 00 1F 2C 
00 FF FF 00 10 0D 22 93 00 00 02 00 00 10 14 09 0C 00 00 25 88 
00 FF FF 00 10 0D 22 93 00 00 02 00 00 10 14 0B 0C 00 00 3A 2D 
00 FF FF 00 10 0D 22 93 00 00 02 00 00 10 14 0C 0C 00 00 2A 2E 
00 FF FF 00 10 0D 22 93 00 00 02 00 00 10 14 0D 0C 00 00 15 20 
00 FF FF 00 10 0D 22 93 00 00 02 00 00 10 14 0E 0C 00 00 15 FC 
00 FF FF 00 10 0D 22 93 00 00 02 00 00 10 14 0F 0C 00 00 0D 7C 
00 FF FF 00 10 0D 22 93 00 00 02 00 00 10 14 10 0C 00 00 25 0E 
00 FF FF 00 10 0D 22 93 00 00 02 00 00 10 14 11 0C 00 00 33 2C 
00 FF FF 00 10 0D 22 93 00 00 02 00 00 10 14 12 0C 00 00 13 07 
00 FF FF 00 10 0D 22 93 00 00 02 00 00 10 14 13 0C 00 00 1C 34 
00 FF FF 00 10 0D 22 93 00 00 02 00 00 10 14 14 0C 00 00 26 F7 
00 FF FF 00 10 0D 22 93 00 00 02 00 00 10 14 15 0C 00 00 23 67 
00 FF FF 00 10 0D 22 93 00 00 02 00 00 10 14 16 0C 00 00 16 31 
00 FF FF 00 10 0D 22 93 00 00 02 00 00 10 14 17 0C 00 00 11 DA 
00 FF FF 00 10 0D 22 93 00 00 02 00 00 10 14 18 0C 00 00 10 0E 
00 FF FF 00 10 0D 22 93 00 00 02 00 00 10 14 1A 0C 00 00 09 BC 
00 FF FF 00 10 0D 22 93 00 00 02 00 00 10 14 1B 0C 00 00 12 08 
00 FF FF 00 10 0D 22 93 00 00 02 00 00 10 14 1C 0C 00 00 1A 4E 
00 FF FF 00 10 0D 22 93 00 00 02 00 00 10 14 1E 0C 00 00 1C C7 
00 FF FF 00 10 0D 22 93 00 00 02 00 00 10 14 1F 0C 00 00 10 57 
00 FF FF 00 10 0D 22 93 00 00 02 00 00 10 14 20 0C 00 00 10 8A 
00 FF FF 00 10 0D 22 93 00 00 02 00 00 10 14 21 0C 00 00 10 8E 
00 FF FF 00 10 0D 22 93 00 00 02 00 00 10 14 22 0C 00 00 27 C5 
00 FF FF 00 10 0D 22 93 00 00 02 00 00 10 14 23 0C 00 00 23 01 
00 FF FF 00 10 0D 22 93 00 00 02 00 00 10 14 24 0C 00 00 1C 46 
00 FF FF 00 10 0D 22 93 00 00 02 00 00 10 14 25 0C 00 00 2D 72 
00 FF FF 00 10 0D 22 93 00 00 02 00 00 10 14 26 0C 00 00 18 90 
00 FF FF 00 10 0D 22 93 00 00 02 00 00 10 14 27 0C 00 00 05 6F 
00 FF FF 00 10 0D 22 93 00 00 02 00 00 10 14 28 0C 00 00 09 98 
00 FF FF 00 10 0D 22 93 00 00 02 00 00 10 14 29 0C 00 00 13 AD 
00 FF FF 00 10 0D 22 93 00 00 02 00 00 10 14 2B 0C 00 00 18 4F 
00 FF FF 00 10 0D 22 93 00 00 02 00 00 10 14 2C 0C 00 00 1A C7 
00 FF FF 00 10 0D 22 93 00 00 02 00 00 10 14 2D 0C 00 00 15 EE 
00 FF FF 00 10 0D 22 93 00 00 02 00 00 10 14 2E 0C 00 00 13 8B 
00 FF FF 00 10 0D 22 93 00 00 02 00 00 10 14 2F 0C 00 00 1C F2 
00 FF FF 00 10 0D 22 93 00 00 02 00 00 10 14 30 0C 00 00 12 8A 
00 FF FF 00 10 0D 22 93 00 00 02 00 00 10 14 31 0C 00 00 0C 9B 
00 FF FF 00 10 0D 22 93 00 00 02 00 00 10 14 33 0C 00 00 22 A7 
00 FF FF 00 10 0D 22 93 00 00 02 00 00 10 14 34 0C 00 00 19 6D 
00 FF FF 00 10 0D 22 93 00 00 02 00 00 10 14 35 0C 00 00 14 CD 
00 FF FF 00 10 0D 22 93 00 00 02 00 00 10 14 36 0C 00 00 1D 69 
00 FF FF 00 10 0D 22 93 00 00 02 00 00 10 14 37 0C 00 00 23 67 
00 FF FF 00 10 0D 22 93 00 00 02 00 00 10 14 38 0C 00 00 16 57 
00 FF FF 00 10 0D 22 93 00 00 02 00 00 10 14 39 0C 00 00 0D B5 
00 FF FF 00 10 0D 22 93 00 00 02 00 00 10 14 3A 0C 00 00 0C E8 
00 FF FF 00 10 0D 22 93 00 00 02 00 00 10 14 3B 0C 00 00 0E 7B 
00 FF FF 00 10 0D 22 93 00 00 02 00 00 10 14 3C 0C 00 00 13 26 
00 FF FF 00 10 0D 22 93 00 00 02 00 00 10 14 3D 0C 00 00 36 86 
00 FF FF 00 10 0D 22 93 00 00 02 00 00 10 14 3E 0C 00 00 25 51 
00 FF FF 00 10 0D 22 93 00 00 02 00 00 10 14 40 0C 00 00 1E 25 
00 FF FF 00 10 0D 22 93 00 00 02 00 00 10 14 41 0C 00 00 12 BB 
00 FF FF 00 10 0D 22 93 00 00 02 00 00 10 14 44 0C 00 00 15 FA 
00 FF FF 00 10 0D 22 93 00 00 02 00 00 10 14 45 0C 00 00 10 B0 
00 FF FF 00 10 0D 22 93 00 00 02 00 00 10 14 46 0C 00 00 1E 92 
00 FF FF 00 10 0D 22 93 00 00 02 00 00 10 14 47 0C 00 00 39 42 
00 FF FF 00 10 0D 22 93 00 00 02 00 00 10 14 48 0C 00 00 1B 25 
00 FF FF 00 10 0D 22 93 00 00 02 00 00 10 14 49 0C 00 00 17 72 
00 FF FF 00 10 0D 22 93 00 00 02 00 00 10 14 4A 0C 00 00 10 DE 
00 FF FF 00 10 0D 22 93 00 00 02 00 00 10 14 4B 0C 00 00 17 BC 
00 FF FF 00 10 0D 22 93 00 00 02 00 00 10 14 4C 0C 00 00 0F BC 
00 FF FF 00 10 0D 22 93 00 00 02 00 00 10 14 4D 0C 00 00 19 E9 
00 FF FF 00 10 0D 22 93 00 00 02 00 00 10 14 4E 0C 00 00 0F AD 
00 FF FF 00 10 0D 22 93 00 00 02 00 00 10 14 4F 0C 00 00 22 32 
00 FF FF 00 10 0D 22 93 00 00 02 00 00 10 14 50 0C 00 00 0E 8C 
00 FF FF 00 10 0D 22 93 00 00 02 00 00 10 14 51 0C 00 00 11 8E 
00 FF FF 00 10 0D 22 93 00 00 02 00 00 10 14 52 0C 00 00 15 68 
00 FF FF 00 10 0D 22 93 00 00 02 00 00 10 14 53 0C 00 00 0C FE 
00 FF FF 00 10 0D 22 93 00 00 02 00 00 10 14 54 0C 00 00 0C 6D 
00 FF FF 00 10 0D 22 93 00 00 02 00 00 10 14 55 0C 00 00 13 86 
00 FF FF 00 10 0D 22 93 00 00 02 00 00 10 14 56 0C 00 00 11 32 
00 FF FF 00 10 0D 22 93 00 00 02 00 00 10 14 58 0C 00 00 0A 1E 
00 FF FF 00 10 0D 22 93 00 00 02 00 00 10 14 59 0C 00 00 1C B2 
00 FF FF 00 10 0D 22 93 00 00 02 00 00 10 14 5B 0C 00 00 2A 8A 
00 FF FF 00 10 0D 22 93 00 00 02 00 00 10 14 5C 0C 00 00 0A AB 
00 FF FF 00 10 0D 22 93 00 00 02 00 00 10 14 5D 0C 00 00 12 E2 
00 FF FF 00 10 0D 22 93 00 00 02 00 00 10 14 5E 0C 00 00 1D 7E 
00 FF FF 00 10 0D 22 93 00 00 02 00 00 10 14 5F 0C 00 00 28 7B 
00 FF FF 00 10 0D 22 93 00 00 02 00 00 10 14 60 0C 00 00 14 81 
00 FF FF 00 10 0D 22 93 00 00 02 00 00 10 14 61 0C 00 00 2F 1B 
00 FF FF 00 10 0D 22 93 00 00 02 00 00 10 14 62 0C 00 00 1F 6A 
00 FF FF 00 10 0D 22 93 00 00 02 00 00 10 14 63 0C 00 00 11 F3 
00 FF FF 00 10 0D 22 93 00 00 02 00 00 10 14 64 0C 00 00 0C 8E 
00 FF FF 00 10 0D 22 93 00 00 02 00 00 10 14 65 0C 00 00 0D 87 
00 FF FF 00 10 0D 22 93 00 00 02 00 00 10 14 67 0C 00 00 0A 46 
00 FF FF 00 10 0D 22 93 00 00 02 00 00 10 14 6B 0C 00 00 05 21 
00 FF FF 00 10 0D 22 93 00 00 02 00 00 10 14 6C 0C 00 00 15 6F 
00 FF FF 00 10 0D 22 93 00 00 02 00 00 10 14 6D 0C 00 00 02 2C 
00 FF FF 00 10 0D 22 93 00 00 02 00 00 10 14 6E 0C 00 00 03 99 
00 FF FF 00 10 0D 22 93 00 00 02 00 00 10 14 6F 0C 00 00 12 57 
00 FF FF 00 10 0D 22 93 00 00 02 00 00 10 14 70 0C 00 00 1C 59 
00 FF FF 00 10 0D 22 93 00 00 02 00 00 10 14 71 0C 00 00 32 8A 
00 FF FF 00 10 0D 22 93 00 00 02 00 00 10 14 72 0C 00 00 17 0B 
00 FF FF 00 10 0D 22 93 00 00 02 00 00 10 14 74 0C 00 00 12 C2 
00 FF FF 00 10 0D 22 93 00 00 02 00 00 10 14 75 0C 00 00 0F 33 
00 FF FF 00 10 0D 22 93 00 00 02 00 00 10 14 76 0C 00 00 18 E3 
00 FF FF 00 10 0D 22 93 00 00 02 00 00 10 14 77 0C 00 00 14 4F 
00 FF FF 00 10 0D 22 93 00 00 02 00 00 10 14 78 0C 00 00 1A 39 
00 FF FF 00 10 0D 22 93 00 00 02 00 00 10 14 79 0C 00 00 2B AF 
00 FF FF 00 10 0D 22 93 00 00 02 00 00 10 14 7A 0C 00 00 1A 7C 
00 FF FF 00 10 0D 22 93 00 00 02 00 00 10 14 7C 0C 00 00 18 68 
00 FF FF 00 10 0D 22 93 00 00 02 00 00 10 14 7D 0C 00 00 12 F9 
00 FF FF 00 10 0D 22 93 00 00 02 00 00 10 14 7F 0C 00 00 0D 37 
00 FF FF 00 10 0D 22 93 00 00 02 00 00 10 14 80 0C 00 00 1B 75 
00 FF FF 00 10 0D 22 93 00 00 02 00 00 10 14 81 0C 00 00 0B 1A 
00 FF FF 00 10 0D 22 93 00 00 02 00 00 10 14 82 0C 00 00 28 EE 
00 FF FF 00 10 0D 22 93 00 00 02 00 00 10 14 83 0C 00 00 2E D4 
00 FF FF 00 10 0D 22 93 00 00 02 00 00 10 14 86 0C 00 00 11 82 
00 FF FF 00 10 0D 22 93 00 00 02 00 00 10 14 87 0C 00 00 0C A5 
00 FF FF 00 10 0D 22 93 00 00 02 00 00 10 14 88 0C 00 00 11 55 
00 FF FF 00 10 0D 22 93 00 00 02 00 00 10 14 89 0C 00 00 0D 19 
00 FF FF 00 10 0D 22 93 00 00 02 00 00 10 14 8B 0C 00 00 1F 76 
00 FF FF 00 10 0D 22 93 00 00 02 00 00 10 14 8C 0C 00 00 26 5E 
00 FF FF 00 10 0D 22 93 00 00 02 00 00 10 14 8D 0C 00 00 1C 49 
00 FF FF 00 10 0D 22 93 00 00 02 00 00 10 14 8E 0C 00 00 14 53 
00 FF FF 00 10 0D 22 93 00 00 02 00 00 10 14 8F 0C 00 00 0F F8 
00 FF FF 00 10 0D 22 93 00 00 02 00 00 10 14 91 0C 00 00 15 85 
00 FF FF 00 10 0D 22 93 00 00 02 00 00 10 14 92 0C 00 00 1D 06 
00 FF FF 00 10 0D 22 93 00 00 02 00 00 10 14 93 0C 00 00 19 0B 
00 FF FF 00 10 0D 22 93 00 00 02 00 00 10 14 94 0C 00 00 15 D7 
00 FF FF 00 10 0D 22 93 00 00 02 00 00 10 14 95 0C 00 00 20 ED 
00 FF FF 00 10 0D 22 93 00 00 02 00 00 10 14 96 0C 00 00 19 03 
00 FF FF 00 10 0D 22 93 00 00 02 00 00 10 14 97 0C 00 00 1D A5 
00 FF FF 00 10 0D 22 93 00 00 02 00 00 10 14 98 0C 00 00 1F 9C 
00 FF FF 00 10 0D 22 93 00 00 02 00 00 10 14 99 0C 00 00 0D 6E 
00 FF FF 00 10 0D 22 93 00 00 02 00 00 10 14 9A 0C 00 00 11 EA 
00 FF FF 00 10 0D 22 93 00 00 02 00 00 10 14 9B 0C 00 00 1C E6 
00 FF FF 00 10 0D 22 93 00 00 02 00 00 10 14 9C 0C 00 00 2A 33 
00 FF FF 00 10 0D 22 93 00 00 02 00 00 10 14 9D 0C 00 00 29 41 
00 FF FF 00 10 0D 22 93 00 00 02 00 00 10 14 9E 0C 00 00 1C 70 
00 FF FF 00 10 0D 22 93 00 00 02 00 00 10 14 9F 0C 00 00 10 29 
00 FF FF 00 10 0D 22 93 00 00 02 00 00 10 14 A1 0C 00 00 25 37 
00 FF FF 00 10 0D 22 93 00 00 02 00 00 10 14 A2 0C 00 00 18 88 
00 FF FF 00 10 0D 22 93 00 00 02 00 00 10 14 A3 0C 00 00 0D F6 
00 FF FF 00 10 0D 22 93 00 00 02 00 00 10 14 A4 0C 00 00 14 78 
00 FF FF 00 10 0D 22 93 00 00 02 00 00 10 14 A5 0C 00 00 1A DC 
00 FF FF 00 10 0D 22 93 00 00 02 00 00 10 14 A6 0C 00 00 21 AB 
00 FF FF 00 10 0D 22 93 00 00 02 00 00 10 14 A7 0C 00 00 18 4D 
00 FF FF 00 10 0D 22 93 00 00 02 00 00 10 14 A8 0C 00 00 1B 2A 
00 FF FF 00 10 0D 22 93 00 00 02 00 00 10 14 AA 0C 00 00 15 BE 
00 FF FF 00 10 0D 22 93 00 00 02 00 00 10 14 AB 0C 00 00 0F 9C 
00 FF FF 00 10 0D 22 93 00 00 02 00 00 10 14 AC 0C 00 00 0C 8C 
00 FF FF 00 10 0D 22 93 00 00 02 00 00 10 14 AD 0C 00 00 0D 88 
00 FF FF 00 10 0D 22 93 00 00 02 00 00 10 14 AE 0C 00 00 13 EF 
00 FF FF 00 10 0D 22 93 00 00 02 00 00 10 14 AF 0C 00 00 13 27 
00 FF FF 00 10 0D 22 93 00 00 02 00 00 10 14 B0 0C 00 00 11 9C 
00 FF FF 00 10 0D 22 93 00 00 02 00 00 10 14 B1 0C 00 00 0A CF 
00 FF FF 00 10 0D 22 93 00 00 02 00 00 10 14 B2 0C 00 00 15 4B 
00 FF FF 00 10 0D 22 93 00 00 02 00 00 10 14 B3 0C 00 00 11 BF 
00 FF FF 00 10 0D 22 93 00 00 02 00 00 10 14 B4 0C 00 00 18 86 
00 FF FF 00 10 0D 22 93 00 00 02 00 00 10 14 B5 0C 00 00 20 87 
00 FF FF 00 10 0D 22 93 00 00 02 00 00 10 14 B6 0C 00 00 0A F0 
00 FF FF 00 10 0D 22 93 00 00 02 00 00 10 14 B7 0C 00 00 22 C2 
00 FF FF 00 10 0D 22 93 00 00 02 00 00 10 14 B8 0C 00 00 0C D4 
00 FF FF 00 10 0D 22 93 00 00 02 00 00 10 14 B9 0C 00 00 15 10 
00 FF FF 00 10 0D 22 93 00 00 02 00 00 10 14 BB 0C 00 00 13 CB 
00 FF FF 00 10 0D 22 93 00 00 02 00 00 10 14 BC 0C 00 00 15 42 
00 FF FF 00 10 0D 22 93 00 00 02 00 00 10 14 BE 0C 00 00 19 47 
00 FF FF 00 10 0D 22 93 00 00 02 00 00 10 14 BF 0C 00 00 20 4B 
00 FF FF 00 10 0D 22 93 00 00 02 00 00 10 14 C0 0C 00 00 1A FD 
00 FF FF 00 10 0D 22 93 00 00 02 00 00 10 14 C1 0C 00 00 1A 45 
00 FF FF 00 10 0D 22 93 00 00 02 00 00 10 14 C2 0C 00 00 17 DC 
00 FF FF 00 10 0D 22 93 00 00 02 00 00 10 14 C4 0C 00 00 19 68 
00 FF FF 00 10 0D 22 93 00 00 02 00 00 10 14 C5 0C 00 00 0F A8 
00 FF FF 00 10 0D 22 93 00 00 02 00 00 10 14 C6 0C 00 00 14 0B 
00 FF FF 00 10 0D 22 93 00 00 02 00 00 10 14 C7 0C 00 00 18 79 
00 FF FF 00 10 0D 22 93 00 00 02 00 00 10 14 C8 0C 00 00 22 AD 
00 FF FF 00 10 0D 22 93 00 00 02 00 00 10 14 C9 0C 00 00 08 EF 
00 FF FF 00 10 0D 22 93 00 00 02 00 00 10 14 CB 0C 00 00 20 65 
00 FF FF 00 10 0D 22 93 00 00 02 00 00 10 14 CD 0C 00 00 0C AA 
00 FF FF 00 10 0D 22 93 00 00 02 00 00 10 14 CE 0C 00 00 10 A1 
00 FF FF 00 10 0D 22 93 00 00 02 00 00 10 14 CF 0C 00 00 19 99 
00 FF FF 00 10 0D 22 93 00 00 02 00 00 10 14 D0 0C 00 00 16 A6 
00 FF FF 00 10 0D 22 93 00 00 02 00 00 10 14 D1 0C 00 00 1C 66 
00 FF FF 00 10 0D 22 93 00 00 02 00 00 10 14 D2 0C 00 00 0F 3E 
00 FF FF 00 10 0D 22 93 00 00 02 00 00 10 14 D3 0C 00 00 15 B6 
00 FF FF 00 10 0D 22 93 00 00 02 00 00 10 14 D5 0C 00 00 1D B4 
00 FF FF 00 10 0D 22 93 00 00 02 00 00 10 14 D6 0C 00 00 11 13 
00 FF FF 00 10 0D 22 93 00 00 02 00 00 10 14 D7 0C 00 00 0F 93 
00 FF FF 00 10 0D 22 93 00 00 02 00 00 10 14 D8 0C 00 00 15 AF 
00 FF FF 00 10 0D 22 93 00 00 02 00 00 10 14 D9 0C 00 00 18 EE 
00 FF FF 00 10 0D 22 93 00 00 02 00 00 10 14 DB 0C 00 00 11 9F 
00 FF FF 00 10 0D 22 93 00 00 02 00 00 10 14 DC 0C 00 00 2A B5 
00 FF FF 00 10 0D 22 93 00 00 02 00 00 10 14 DD 0C 00 00 20 45 
00 FF FF 00 10 0D 22 93 00 00 02 00 00 10 14 DE 0C 00 00 12 94 
00 FF FF 00 10 0D 22 93 00 00 02 00 00 10 14 DF 0C 00 00 0D 3F 
00 FF FF 00 10 0D 22 93 00 00 02 00 00 10 14 E0 0C 00 00 16 CF 
00 FF FF 00 10 0D 22 93 00 00 02 00 00 10 14 E2 0C 00 00 18 36 
00 FF FF 00 10 0D 22 93 00 00 02 00 00 10 14 E3 0C 00 00 19 81 
00 FF FF 00 10 0D 22 93 00 00 02 00 00 10 14 E4 0C 00 00 18 7E 
00 FF FF 00 10 0D 22 93 00 00 02 00 00 10 14 E5 0C 00 00 0E F4 
00 FF FF 00 10 0D 22 93 00 00 02 00 00 10 14 E6 0C 00 00 18 5E 
00 FF FF 00 10 0D 22 93 00 00 02 00 00 10 14 E7 0C 00 00 1D 26 
00 FF FF 00 10 0D 22 93 00 00 02 00 00 10 14 E8 0C 00 00 10 F9 
00 FF FF 00 10 0D 22 93 00 00 02 00 00 10 14 E9 0C 00 00 18 93 
00 FF FF 00 10 0D 22 93 00 00 02 00 00 10 14 EA 0C 00 00 14 74 
00 FF FF 00 10 0D 22 93 00 00 02 00 00 10 14 EB 0C 00 00 14 87 
00 FF FF 00 10 0D 22 93 00 00 02 00 00 10 14 EC 0C 00 00 1A E6 
00 FF FF 00 10 0D 22 93 00 00 02 00 00 10 14 EE 0C 00 00 1F CE 
00 FF FF 00 10 0D 22 93 00 00 02 00 00 10 14 EF 0C 00 00 19 3E 
00 FF FF 00 10 0D 22 93 00 00 02 00 00 10 14 F0 0C 00 00 23 75 
00 FF FF 00 10 0D 22 93 00 00 02 00 00 10 14 F1 0C 00 00 0F F3 
00 FF FF 00 10 0D 22 93 00 00 02 00 00 10 14 F5 0C 00 00 0B F5 
00 FF FF 00 10 0D 22 93 00 00 02 00 00 10 14 F6 0C 00 00 14 6E 
00 FF FF 00 10 0D 22 93 00 00 02 00 00 10 14 F7 0C 00 00 1B 66 
00 FF FF 00 10 0D 22 93 00 00 02 00 00 10 14 F8 0C 00 00 25 3B 
00 FF FF 00 10 0D 22 93 00 00 02 00 00 10 14 F9 0C 00 00 1D 06 
00 FF FF 00 10 0D 22 93 00 00 02 00 00 10 14 FA 0C 00 00 15 42 
00 FF FF 00 10 0D 22 93 00 00 02 00 00 10 14 FB 0C 00 00 0F C5 
00 FF FF 00 10 0D 22 93 00 00 02 00 00 10 14 FC 0C 00 00 12 25 
00 FF FF 00 10 0D 22 93 00 00 02 00 00 10 14 FD 0C 00 00 19 25 
00 FF FF 00 10 0D 22 93 00 00 02 00 00 10 14 FE 0C 00 00 0F 7D 
00 FF FF 00 10 0D 22 93 00 00 02 00 00 10 14 FF 0C 00 00 1C 46 
00 FF FF 00 10 0D 22 93 00 00 02 00 00 10 15 00 0C 00 00 14 92 
00 FF FF 00 10 0D 22 93 00 00 02 00 00 10 15 01 0C 00 00 23 62 
00 FF FF 00 10 0D 22 93 00 00 02 00 00 10 15 02 0C 00 00 1A 5E 
00 FF FF 00 10 0D 22 93 00 00 02 00 00 10 15 03 0C 00 00 0D 01 
00 FF FF 00 10 0D 22 93 00 00 02 00 00 10 15 04 0C 00 00 14 67 
00 FF FF 00 10 0D 22 93 00 00 02 00 00 10 15 05 0C 00 00 0D F2 
00 FF FF 00 10 0D 22 93 00 00 02 00 00 10 15 06 0C 00 00 21 49 
00 FF FF 00 10 0D 22 93 00 00 02 00 00 10 15 07 0C 00 00 17 72 
00 FF FF 00 10 0D 22 93 00 00 02 00 00 10 15 09 0C 00 00 25 C0 
00 FF FF 00 10 0D 22 93 00 00 02 00 00 10 15 0A 0C 00 00 24 3A 
00 FF FF 00 10 0D 22 93 00 00 02 00 00 10 15 0C 0C 00 00 12 07 
00 FF FF 00 10 0D 22 93 00 00 02 00 00 10 15 0D 0C 00 00 11 63 
00 FF FF 00 10 0D 22 93 00 00 02 00 00 10 15 0E 0C 00 00 11 5F 
00 FF FF 00 10 0D 22 93 00 00 02 00 00 10 15 0F 0C 00 00 1E 00 
00 FF FF 00 10 0D 22 93 00 00 02 00 00 10 15 10 0C 00 00 12 AC 
00 FF FF 00 10 0D 22 93 00 00 02 00 00 10 15 11 0C 00 00 1D 42 
00 FF FF 00 10 0D 22 93 00 00 02 00 00 10 15 12 0C 00 00 2E 72 
00 FF FF 00 10 0D 22 93 00 00 02 00 00 10 15 13 0C 00 00 20 F2 
00 FF FF 00 10 0D 22 93 00 00 02 00 00 10 15 14 0C 00 00 0F 65 
00 FF FF 00 10 0D 22 93 00 00 02 00 00 10 15 16 0C 00 00 12 6B 
00 FF FF 00 10 0D 22 93 00 00 02 00 00 10 15 17 0C 00 00 1E 2D 
00 FF FF 00 10 0D 22 93 00 00 02 00 00 10 15 18 0C 00 00 0B CC 
00 FF FF 00 10 0D 22 93 00 00 02 00 00 10 15 19 0C 00 00 3B 29 
00 FF FF 00 10 0D 22 93 00 00 02 00 00 10 15 1A 0C 00 00 18 D3 
00 FF FF 00 10 0D 22 93 00 00 02 00 00 10 15 1B 0C 00 00 1E C7 
00 FF FF 00 10 0D 22 93 00 00 02 00 00 10 15 1C 0C 00 00 14 22 
00 FF FF 00 10 0D 22 93 00 00 02 00 00 10 15 1D 0C 00 00 0D E3 
00 FF FF 00 10 0D 22 93 00 00 02 00 00 10 15 1E 0C 00 00 10 0E 
00 FF FF 00 10 0D 22 93 00 00 02 00 00 10 15 1F 0C 00 00 17 81 
00 FF FF 00 10 0D 22 93 00 00 02 00 00 10 15 20 0C 00 00 0E F3 
00 FF FF 00 10 0D 22 93 00 00 02 00 00 10 15 21 0C 00 00 33 3D 
00 FF FF 00 10 0D 22 93 00 00 02 00 00 10 15 22 0C 00 00 13 81 
00 FF FF 00 10 0D 22 93 00 00 02 00 00 10 15 23 0C 00 00 14 E0 
00 FF FF 00 10 0D 22 93 00 00 02 00 00 10 15 24 0C 00 00 15 46 
00 FF FF 00 10 0D 22 93 00 00 02 00 00 10 15 25 0C 00 00 11 0E 
00 FF FF 00 10 0D 22 93 00 00 02 00 00 10 15 26 0C 00 00 0D 02 
00 FF FF 00 10 0D 22 93 00 00 02 00 00 10 15 27 0C 00 00 09 53 
00 FF FF 00 10 0D 22 93 00 00 02 00 00 10 15 28 0C 00 00 1A 51 
00 FF FF 00 10 0D 22 93 00 00 02 00 00 10 15 29 0C 00 00 18 02 
00 FF FF 00 10 0D 22 93 00 00 02 00 00 10 15 2A 0C 00 00 18 99 
00 FF FF 00 10 0D 22 93 00 00 02 00 00 10 15 2B 0C 00 00 1A 3A 
00 FF FF 00 10 0D 22 93 00 00 02 00 00 10 15 2C 0C 00 00 1D 72 
00 FF FF 00 10 0D 22 93 00 00 02 00 00 10 15 2D 0C 00 00 23 C3 
00 FF FF 00 10 0D 22 93 00 00 02 00 00 10 15 2E 0C 00 00 04 72 
00 FF FF 00 10 0D 22 93 00 00 02 00 00 10 15 2F 0C 00 00 0C 3C 
00 FF FF 00 10 0D 22 93 00 00 02 00 00 10 15 30 0C 00 00 11 05 
00 FF FF 00 10 0D 22 93 00 00 02 00 00 10 15 31 0C 00 00 1F AB 
00 FF FF 00 10 0D 22 93 00 00 02 00 00 10 15 32 0C 00 00 18 4C 
00 FF FF 00 10 0D 22 93 00 00 02 00 00 10 15 33 0C 00 00 16 1F 
00 FF FF 00 10 0D 22 93 00 00 02 00 00 10 15 34 0C 00 00 19 FE 
00 FF FF 00 10 0D 22 93 00 00 02 00 00 10 15 35 0C 00 00 2A D1 
00 FF FF 00 10 0D 22 93 00 00 02 00 00 10 15 37 0C 00 00 0D 6A 
00 FF FF 00 10 0D 22 93 00 00 02 00 00 10 15 38 0C 00 00 12 27 
00 FF FF 00 10 0D 22 93 00 00 02 00 00 10 15 39 0C 00 00 0D 42 
00 FF FF 00 10 0D 22 93 00 00 02 00 00 10 15 3A 0C 00 00 29 77 
00 FF FF 00 10 0D 22 93 00 00 02 00 00 10 15 3B 0C 00 00 17 B5 
00 FF FF 00 10 0D 22 93 00 00 02 00 00 10 15 3C 0C 00 00 1E DA 
00 FF FF 00 10 0D 22 93 00 00 02 00 00 10 15 3D 0C 00 00 35 A1 
00 FF FF 00 10 0D 22 93 00 00 02 00 00 10 15 3E 0C 00 00 29 4C 
00 FF FF 00 10 0D 22 93 00 00 02 00 00 10 15 3F 0C 00 00 1B 1F 
00 FF FF 00 10 0D 22 93 00 00 02 00 00 10 15 41 0C 00 00 0E C0 
00 FF FF 00 10 0D 22 93 00 00 02 00 00 10 15 42 0C 00 00 25 D2 
00 FF FF 00 10 0D 22 93 00 00 02 00 00 10 15 43 0C 00 00 20 CA 
00 FF FF 00 10 0D 22 93 00 00 02 00 00 10 15 44 0C 00 00 37 91 
00 FF FF 00 10 0D 22 93 00 00 02 00 00 10 15 45 0C 00 00 28 6A 
00 FF FF 00 10 0D 22 93 00 00 02 00 00 10 15 46 0C 00 00 2D ED 
00 FF FF 00 10 0D 22 93 00 00 02 00 00 10 15 47 0C 00 00 25 C2 
00 FF FF 00 10 0D 22 93 00 00 02 00 00 10 15 48 0C 00 00 0F 5B 
00 FF FF 00 10 0D 22 93 00 00 02 00 00 10 15 49 0C 00 00 16 A3 
00 FF FF 00 10 0D 22 93 00 00 02 00 00 10 15 4A 0C 00 00 0C DF 
00 FF FF 00 10 0D 22 93 00 00 02 00 00 10 15 4C 0C 00 00 11 A8 
00 FF FF 00 10 0D 22 93 00 00 02 00 00 10 15 4D 0C 00 00 24 27 
00 FF FF 00 10 0D 22 93 00 00 02 00 00 10 15 4E 0C 00 00 1C B2 
00 FF FF 00 10 0D 22 93 00 00 02 00 00 10 15 4F 0C 00 00 17 F6 
00 FF FF 00 10 0D 22 93 00 00 02 00 00 10 15 50 0C 00 00 1E 6F 
00 FF FF 00 10 0D 22 93 00 00 02 00 00 10 15 51 0C 00 00 16 B4 
00 FF FF 00 10 0D 22 93 00 00 02 00 00 10 15 52 0C 00 00 15 ED 
00 FF FF 00 10 0D 22 93 00 00 02 00 00 10 15 53 0C 00 00 24 78 
00 FF FF 00 10 0D 22 93 00 00 02 00 00 10 15 54 0C 00 00 10 97 
00 FF FF 00 10 0D 22 93 00 00 02 00 00 10 15 55 0C 00 00 29 1E 
00 FF FF 00 10 0D 22 93 00 00 02 00 00 10 15 56 0C 00 00 10 32 
00 FF FF 00 10 0D 22 93 00 00 02 00 00 10 15 57 0C 00 00 08 66 
00 FF FF 00 10 0D 22 93 00 00 02 00 00 10 15 58 0C 00 00 23 72 
00 FF FF 00 10 0D 22 93 00 00 02 00 00 10 15 59 0C 00 00 01 3E 
00 FF FF 00 10 0D 22 93 00 00 02 00 00 10 15 5A 0C 00 00 15 46 
00 FF FF 00 10 0D 22 93 00 00 02 00 00 10 15 5B 0C 00 00 15 19 
00 FF FF 00 10 0D 22 93 00 00 02 00 00 10 15 5C 0C 00 00 15 FE 
00 FF FF 00 10 0D 22 93 00 00 02 00 00 10 15 5D 0C 00 00 33 EA 
00 FF FF 00 10 0D 22 93 00 00 02 00 00 10 15 5E 0C 00 00 09 AA 
00 FF FF 00 10 0D 22 93 00 00 02 00 00 10 15 5F 0C 00 00 0F AA 
00 FF FF 00 10 0D 22 93 00 00 02 00 00 10 15 62 0C 00 00 1C 2D 
00 FF FF 00 10 0D 22 93 00 00 02 00 00 10 15 63 0C 00 00 1C 92 
00 FF FF 00 10 0D 22 93 00 00 02 00 00 10 15 64 0C 00 00 15 45 
00 FF FF 00 10 0D 22 93 00 00 02 00 00 10 15 65 0C 00 00 19 93 
00 FF FF 00 10 0D 22 93 00 00 02 00 00 10 15 66 0C 00 00 30 0C 
00 FF FF 00 10 0D 22 93 00 00 02 00 00 10 15 67 0C 00 00 30 65 
00 FF FF 00 10 0D 22 93 00 00 02 00 00 10 15 68 0C 00 00 22 74 
00 FF FF 00 10 0D 22 93 00 00 02 00 00 10 15 6A 0C 00 00 22 F0 
00 FF FF 00 10 0D 22 93 00 00 02 00 00 10 15 6B 0C 00 00 13 CB 
00 FF FF 00 10 0D 22 93 00 00 02 00 00 10 15 6C 0C 00 00 1A F5 
00 FF FF 00 10 0D 22 93 00 00 02 00 00 10 15 6D 0C 00 00 0E 22 
00 FF FF 00 10 0D 22 93 00 00 02 00 00 10 15 6E 0C 00 00 19 94 
00 FF FF 00 10 0D 22 93 00 00 02 00 00 10 15 6F 0C 00 00 1D 96 
00 FF FF 00 10 0D 22 93 00 00 02 00 00 10 15 70 0C 00 00 1A 37 
00 FF FF 00 10 0D 22 93 00 00 02 00 00 10 15 71 0C 00 00 1D DF 
00 FF FF 00 10 0D 22 93 00 00 02 00 00 10 15 73 0C 00 00 1A 9D 
00 FF FF 00 10 0D 22 93 00 00 02 00 00 10 15 74 0C 00 00 14 CB 
00 FF FF 00 10 0D 22 93 00 00 02 00 00 10 15 75 0C 00 00 19 EC 
00 FF FF 00 10 0D 22 93 00 00 02 00 00 10 15 76 0C 00 00 2B 92 
00 FF FF 00 10 0D 22 93 00 00 02 00 00 10 15 77 0C 00 00 3C 19 
00 FF FF 00 10 0D 22 93 00 00 02 00 00 10 15 79 0C 00 00 3C 19 
00 FF FF 00 10 0D 22 93 00 00 02 00 00 10 15 7A 0C 00 00 2B 11 
00 FF FF 00 10 0D 22 93 00 00 02 00 00 10 15 7B 0C 00 00 20 49 
00 FF FF 00 10 0D 22 93 00 00 02 00 00 10 15 7C 0C 00 00 17 63 
00 FF FF 00 10 0D 22 93 00 00 02 00 00 10 15 7D 0C 00 00 13 33 
00 FF FF 00 10 0D 22 93 00 00 02 00 00 10 15 7F 0C 00 00 30 7A 
00 FF FF 00 10 0D 22 93 00 00 02 00 00 10 15 80 0C 00 00 2F AD 
00 FF FF 00 10 0D 22 93 00 00 02 00 00 10 15 81 0C 00 00 3B 29 
00 FF FF 00 10 0D 22 93 00 00 02 00 00 10 15 82 0C 00 00 34 B9 
00 FF FF 00 10 0D 22 93 00 00 02 00 00 10 15 83 0C 00 00 27 26 
00 FF FF 00 10 0D 22 93 00 00 02 00 00 10 15 84 0C 00 00 1B F5 
00 FF FF 00 10 0D 22 93 00 00 02 00 00 10 15 85 0C 00 00 14 F5 
00 FF FF 00 10 0D 22 93 00 00 02 00 00 10 15 86 0C 00 00 14 04 
00 FF FF 00 10 0D 22 93 00 00 02 00 00 10 15 87 0C 00 00 1C 2E 
00 FF FF 00 10 0D 22 93 00 00 02 00 00 10 15 88 0C 00 00 35 A1 
00 FF FF 00 10 0D 22 93 00 00 02 00 00 10 15 89 0C 00 00 3B 29 
00 FF FF 00 10 0D 22 93 00 00 02 00 00 10 15 8A 0C 00 00 32 A5 
00 FF FF 00 10 0D 22 93 00 00 02 00 00 10 15 8B 0C 00 00 32 42 
